16 0.050000 0.496610 0.084000 0.125424
16 0.106000 0.583051 0.088000 0.155932
16 0.165000 0.654237 0.082000 0.128814
16 0.193000 0.542373 0.074000 0.115254
16 0.230000 0.671186 0.092000 0.115254
16 0.248000 0.438983 0.088000 0.118644
16 0.265000 0.552542 0.082000 0.128814
16 0.305000 0.403390 0.058000 0.061017
16 0.316000 0.462712 0.084000 0.125424
16 0.368000 0.425424 0.084000 0.125424
16 0.405000 0.481356 0.082000 0.135593
16 0.342000 0.577966 0.088000 0.138983
16 0.311000 0.662712 0.074000 0.111864
16 0.359000 0.732203 0.082000 0.142373
16 0.398000 0.661017 0.080000 0.142373
16 0.449000 0.694915 0.074000 0.115254
16 0.489000 0.654237 0.066000 0.115254
16 0.452000 0.554237 0.072000 0.138983
16 0.480000 0.444068 0.088000 0.122034
16 0.492000 0.315254 0.064000 0.108475
16 0.530000 0.344068 0.084000 0.118644
16 0.570000 0.337288 0.060000 0.138983
16 0.552000 0.455932 0.088000 0.125424
16 0.514000 0.544068 0.084000 0.111864
16 0.551000 0.669492 0.090000 0.159322
16 0.625000 0.679661 0.082000 0.105085
16 0.604000 0.606780 0.100000 0.074576
16 0.634000 0.481356 0.096000 0.142373
16 0.675000 0.737288 0.086000 0.138983
16 0.655000 0.800000 0.086000 0.135593
16 0.726000 0.801695 0.084000 0.138983
16 0.748000 0.708475 0.092000 0.122034
16 0.734000 0.584746 0.060000 0.084746
16 0.794000 0.616949 0.088000 0.108475
16 0.770000 0.418644 0.088000 0.118644
16 0.784000 0.501695 0.092000 0.155932
16 0.853000 0.508475 0.082000 0.142373
16 0.864000 0.379661 0.080000 0.115254
16 0.902000 0.474576 0.084000 0.128814
16 0.975000 0.896610 0.046000 0.132203
16 0.947000 0.893220 0.082000 0.125424
16 0.826000 0.964407 0.084000 0.071186
16 0.987000 0.503390 0.026000 0.138983
16 0.988000 0.410169 0.024000 0.081356
16 0.654000 0.264407 0.052000 0.128814
16 0.720000 0.318644 0.096000 0.108475
16 0.709000 0.264407 0.074000 0.142373
16 0.793000 0.181356 0.078000 0.125424
16 0.824000 0.132203 0.084000 0.094915
16 0.802000 0.038983 0.068000 0.071186
16 0.750000 0.027119 0.056000 0.047458
16 0.660000 0.174576 0.060000 0.077966
16 0.636000 0.135593 0.060000 0.108475
16 0.589000 0.077966 0.062000 0.088136
