16 0.121094 0.256527 0.087891 0.144909
16 0.011719 0.433420 0.021484 0.091384
16 0.036621 0.498695 0.071289 0.117493
16 0.208984 0.321149 0.111328 0.135770
16 0.010742 0.265013 0.019531 0.070496
16 0.460449 0.193864 0.090820 0.100522
16 0.474609 0.287206 0.107422 0.146214
16 0.579102 0.313316 0.123047 0.104439
16 0.578125 0.390992 0.128906 0.171018
16 0.513672 0.410574 0.099609 0.157963
16 0.586914 0.567232 0.113281 0.168407
16 0.676758 0.593995 0.103516 0.146214
16 0.561035 0.649478 0.084961 0.108355
16 0.824219 0.392298 0.117188 0.178851
16 0.921875 0.337467 0.115234 0.157963
16 0.956543 0.447128 0.086914 0.157963
16 0.973633 0.697128 0.052734 0.169713
16 0.958008 0.523499 0.083984 0.080940
16 0.943848 0.655352 0.083008 0.093995
16 0.406250 0.471279 0.105469 0.143603
16 0.414551 0.596606 0.116211 0.127937
16 0.328125 0.532637 0.095703 0.114883
