16 0.705467 0.078824 0.162257 0.152941
16 0.627866 0.104706 0.091711 0.167059
16 0.679894 0.224706 0.142857 0.190588
16 0.517637 0.223529 0.156966 0.183529
16 0.573192 0.340000 0.151675 0.209412
16 0.708995 0.443529 0.151675 0.171765
16 0.705467 0.542353 0.091711 0.105882
16 0.611111 0.535294 0.125220 0.181176
16 0.514109 0.565882 0.142857 0.143529
16 0.485009 0.655294 0.137566 0.148235
16 0.402116 0.760000 0.123457 0.183529
16 0.348325 0.651765 0.139330 0.150588
16 0.390653 0.442353 0.132275 0.169412
16 0.215168 0.545882 0.102293 0.145882
16 0.305115 0.552941 0.102293 0.127059
16 0.063492 0.818824 0.098765 0.112941
16 0.255732 0.916471 0.102293 0.120000
16 0.105820 0.934118 0.102293 0.103529
16 0.186949 0.958824 0.081129 0.082353
