16 0.045312 0.372656 0.087500 0.101562
16 0.084375 0.442188 0.106250 0.075000
16 0.050000 0.481250 0.096875 0.159375
16 0.179688 0.517969 0.193750 0.157812
16 0.175000 0.625000 0.087500 0.090625
16 0.121094 0.672656 0.160938 0.182812
16 0.078125 0.700000 0.121875 0.162500
16 0.022656 0.696094 0.042188 0.195312
16 0.271094 0.717187 0.151562 0.168750
16 0.426563 0.628906 0.159375 0.145313
16 0.386719 0.883594 0.167187 0.182812
16 0.536719 0.686719 0.129688 0.170313
16 0.675000 0.685937 0.184375 0.171875
16 0.622656 0.578125 0.170313 0.093750
16 0.602344 0.481250 0.132812 0.106250
16 0.729688 0.470313 0.175000 0.175000
16 0.864844 0.724219 0.139063 0.167187
16 0.807813 0.670312 0.159375 0.203125
16 0.848437 0.528125 0.200000 0.203125
16 0.946875 0.581250 0.103125 0.190625
16 0.869531 0.321875 0.110937 0.153125
16 0.935937 0.348438 0.128125 0.212500
16 0.562500 0.973437 0.165625 0.053125
