16 0.229583 0.454375 0.077500 0.108750
16 0.284583 0.450000 0.042500 0.102500
16 0.282500 0.524375 0.045000 0.063750
16 0.121667 0.533750 0.061667 0.092500
16 0.138333 0.550000 0.058333 0.090000
16 0.155000 0.605000 0.056667 0.100000
16 0.180833 0.560625 0.045000 0.111250
16 0.220417 0.653750 0.054167 0.060000
16 0.234167 0.614375 0.070000 0.093750
16 0.278333 0.653750 0.056667 0.122500
16 0.358750 0.550625 0.072500 0.091250
16 0.412083 0.621875 0.055833 0.111250
16 0.460833 0.603750 0.073333 0.092500
16 0.490833 0.642500 0.058333 0.102500
16 0.455000 0.715625 0.055000 0.101250
16 0.475417 0.762500 0.055833 0.087500
16 0.504167 0.812500 0.053333 0.102500
16 0.536250 0.688125 0.054167 0.101250
16 0.582500 0.744375 0.058333 0.078750
16 0.541667 0.803125 0.046667 0.078750
16 0.547917 0.865625 0.035833 0.083750
16 0.579583 0.883750 0.047500 0.110000
16 0.628750 0.906250 0.054167 0.110000
16 0.682500 0.811250 0.066667 0.100000
16 0.745000 0.840000 0.063333 0.087500
16 0.807917 0.888125 0.047500 0.063750
16 0.795417 0.931250 0.054167 0.077500
16 0.789167 0.981875 0.055000 0.036250
16 0.721250 0.627500 0.055833 0.105000
16 0.832083 0.578750 0.050833 0.095000
16 0.774583 0.621250 0.047500 0.100000
16 0.812917 0.761250 0.062500 0.087500
16 0.873333 0.736250 0.060000 0.062500
16 0.860833 0.803750 0.071667 0.095000
16 0.865000 0.886875 0.063333 0.083750
16 0.977917 0.897500 0.044167 0.092500
