16 0.426500 0.034551 0.082000 0.051827
16 0.539250 0.117940 0.076500 0.136213
16 0.564750 0.072757 0.086500 0.118937
16 0.723000 0.063787 0.087000 0.116944
16 0.793500 0.045515 0.087000 0.071096
16 0.863750 0.132890 0.065500 0.090365
16 0.831500 0.098671 0.092000 0.148173
16 0.866750 0.177741 0.078500 0.053821
16 0.735000 0.118605 0.082000 0.080399
16 0.677250 0.113621 0.069500 0.131561
16 0.619500 0.224585 0.070000 0.131561
16 0.691500 0.239535 0.093000 0.113621
16 0.777250 0.225249 0.092500 0.139535
16 0.844000 0.245847 0.074000 0.069103
16 0.867750 0.319269 0.104500 0.144186
16 0.777250 0.343189 0.090500 0.128239
16 0.719500 0.300997 0.039000 0.075748
16 0.855250 0.397010 0.091500 0.128239
16 0.652250 0.328904 0.083500 0.118272
16 0.652250 0.422924 0.085500 0.138870
16 0.510000 0.355150 0.092000 0.113621
16 0.498500 0.495017 0.081000 0.140864
16 0.554000 0.471429 0.080000 0.137542
16 0.783000 0.496013 0.100000 0.120266
16 0.433000 0.561462 0.069000 0.124917
16 0.480250 0.651495 0.108500 0.118937
16 0.604000 0.587708 0.118000 0.063123
16 0.611000 0.634884 0.106000 0.095017
16 0.588000 0.682392 0.102000 0.126246
16 0.710000 0.549834 0.075000 0.069767
16 0.770750 0.660465 0.060500 0.116944
16 0.759500 0.822591 0.069000 0.134219
16 0.805750 0.785382 0.066500 0.123588
16 0.742250 0.693023 0.091500 0.140864
16 0.681500 0.696013 0.051000 0.134884
16 0.638000 0.740199 0.088000 0.127575
16 0.553500 0.834219 0.088000 0.152159
16 0.531500 0.775083 0.092000 0.156146
16 0.464750 0.843854 0.091500 0.158140
16 0.403000 0.794020 0.094000 0.131561
