16 0.220333 0.547000 0.039333 0.056667
16 0.326333 0.522000 0.051333 0.054667
16 0.384667 0.495333 0.044000 0.058667
16 0.393333 0.447667 0.053333 0.054000
16 0.299667 0.534667 0.040667 0.058667
16 0.483667 0.519667 0.039333 0.047333
16 0.607000 0.389333 0.059333 0.037333
16 0.639333 0.424667 0.056000 0.033333
16 0.632333 0.455333 0.039333 0.040000
16 0.593667 0.465667 0.052667 0.039333
16 0.650333 0.531667 0.042000 0.050000
16 0.395667 0.184667 0.058000 0.041333
16 0.364000 0.222667 0.042667 0.061333
16 0.375333 0.319333 0.053333 0.046667
16 0.470667 0.207333 0.044000 0.062667
16 0.466333 0.258000 0.028667 0.042667
16 0.486667 0.303000 0.033333 0.035333
