16 0.712500 0.714968 0.020000 0.035032
16 0.729167 0.711783 0.018333 0.035032
16 0.740000 0.682325 0.016667 0.036624
16 0.746250 0.708599 0.019167 0.038217
16 0.720417 0.758758 0.022500 0.042994
16 0.714167 0.777866 0.018333 0.036624
16 0.755833 0.751592 0.018333 0.038217
16 0.772917 0.738854 0.017500 0.035032
16 0.761250 0.696656 0.014167 0.039809
16 0.771667 0.703025 0.016667 0.027070
16 0.789167 0.686306 0.020000 0.044586
16 0.786250 0.722134 0.020833 0.033439
16 0.795417 0.747611 0.017500 0.033439
16 0.810833 0.738854 0.018333 0.035032
16 0.807917 0.714172 0.015833 0.030255
16 0.809167 0.690287 0.018333 0.033439
16 0.822500 0.689490 0.013333 0.022293
16 0.829583 0.710987 0.015833 0.036624
16 0.801667 0.777866 0.015000 0.036624
16 0.816667 0.787420 0.018333 0.033439
16 0.802500 0.808121 0.013333 0.030255
16 0.796667 0.824841 0.016667 0.038217
16 0.777917 0.827229 0.017500 0.036624
16 0.805417 0.866242 0.019167 0.038217
16 0.813333 0.824841 0.015000 0.028662
16 0.820833 0.856688 0.018333 0.035032
16 0.788333 0.867834 0.013333 0.035032
16 0.770000 0.919586 0.016667 0.033439
16 0.781250 0.937102 0.015833 0.033439
16 0.738750 0.904459 0.014167 0.035032
16 0.754167 0.908439 0.016667 0.033439
16 0.748750 0.942675 0.017500 0.038217
16 0.721667 0.977707 0.018333 0.038217
16 0.808333 0.584395 0.020000 0.035032
16 0.824583 0.608280 0.017500 0.041401
16 0.836667 0.630573 0.018333 0.035032
16 0.825417 0.641720 0.015833 0.031847
16 0.796250 0.615446 0.012500 0.036624
16 0.807500 0.619427 0.016667 0.041401
16 0.847500 0.689490 0.015000 0.031847
16 0.867083 0.683917 0.020833 0.023885
16 0.852917 0.656847 0.009167 0.027070
16 0.862917 0.660032 0.015833 0.023885
16 0.878750 0.656847 0.019167 0.033439
16 0.863750 0.640127 0.019167 0.035032
16 0.866250 0.608280 0.019167 0.035032
16 0.877083 0.626592 0.019167 0.030255
16 0.911667 0.630573 0.020000 0.028662
16 0.934167 0.604299 0.016667 0.039809
16 0.917500 0.598726 0.016667 0.038217
16 0.897500 0.568471 0.016667 0.035032
16 0.913333 0.571656 0.018333 0.038217
16 0.925833 0.554140 0.023333 0.041401
16 0.947500 0.570064 0.026667 0.047771
16 0.936667 0.607484 0.020000 0.036624
16 0.910417 0.680732 0.017500 0.027070
16 0.925833 0.682325 0.013333 0.039809
16 0.979167 0.413217 0.020000 0.039809
16 0.980417 0.363057 0.019167 0.038217
