16 0.311667 0.083086 0.113333 0.160237
16 0.355000 0.148368 0.066667 0.106825
16 0.257500 0.152819 0.085000 0.186944
16 0.339167 0.320475 0.081667 0.207715
16 0.396667 0.348665 0.086667 0.127596
16 0.420833 0.278932 0.098333 0.201780
16 0.410833 0.100890 0.105000 0.195846
16 0.600833 0.213650 0.111667 0.195846
16 0.474167 0.385757 0.095000 0.189911
16 0.713333 0.323442 0.103333 0.130564
16 0.655000 0.446588 0.080000 0.210682
16 0.490833 0.468843 0.105000 0.189911
16 0.594167 0.454006 0.081667 0.189911
16 0.717500 0.456973 0.078333 0.195846
16 0.551667 0.583086 0.070000 0.216617
16 0.596667 0.637982 0.070000 0.178042
16 0.657500 0.646884 0.101667 0.154303
16 0.505833 0.682493 0.095000 0.195846
16 0.341667 0.672107 0.103333 0.157270
16 0.405833 0.767062 0.088333 0.210682
16 0.320000 0.836795 0.083333 0.201780
16 0.264167 0.876855 0.061667 0.169139
16 0.370000 0.856083 0.073333 0.186944
16 0.505000 0.808605 0.080000 0.192878
16 0.593333 0.765579 0.083333 0.166172
16 0.913333 0.652819 0.110000 0.154303
16 0.862500 0.802671 0.068333 0.139466
16 0.803333 0.780415 0.066667 0.213650
16 0.940833 0.958457 0.101667 0.083086
