16 0.023611 0.673278 0.044444 0.131524
16 0.058333 0.624217 0.088889 0.100209
16 0.072917 0.723382 0.090278 0.118998
16 0.037500 0.787056 0.072222 0.108559
16 0.106944 0.798539 0.066667 0.123173
16 0.159722 0.701461 0.080556 0.129436
16 0.130556 0.568894 0.077778 0.156576
16 0.013194 0.875783 0.023611 0.127349
16 0.085417 0.902923 0.070833 0.144050
16 0.165972 0.818372 0.068056 0.121086
16 0.236111 0.862213 0.066667 0.141962
16 0.205556 0.780793 0.063889 0.104384
16 0.226389 0.681628 0.072222 0.106472
16 0.204861 0.611691 0.093056 0.096033
16 0.211806 0.558455 0.056944 0.060543
16 0.249306 0.532359 0.059722 0.121086
16 0.312500 0.579332 0.086111 0.123173
16 0.341667 0.542797 0.058333 0.058455
16 0.381250 0.525052 0.043056 0.056367
16 0.436806 0.521921 0.087500 0.121086
16 0.396528 0.594990 0.079167 0.091858
16 0.272917 0.770355 0.076389 0.108559
16 0.326389 0.816284 0.061111 0.125261
16 0.302083 0.699374 0.076389 0.137787
16 0.369444 0.678497 0.077778 0.121086
16 0.365278 0.768267 0.072222 0.116910
16 0.436806 0.768267 0.079167 0.141962
16 0.443750 0.648225 0.073611 0.139875
16 0.500000 0.557411 0.061111 0.096033
16 0.508333 0.663883 0.088889 0.129436
16 0.501389 0.767223 0.066667 0.139875
16 0.562500 0.755741 0.080556 0.133612
16 0.580556 0.697286 0.077778 0.125261
16 0.541667 0.609603 0.077778 0.104384
16 0.563889 0.517745 0.077778 0.112735
16 0.596528 0.480167 0.079167 0.121086
16 0.634722 0.697286 0.058333 0.112735
16 0.623611 0.592902 0.086111 0.116910
16 0.662500 0.493737 0.066667 0.073069
16 0.682639 0.530271 0.084722 0.116910
16 0.659722 0.445720 0.066667 0.048017
16 0.730556 0.422756 0.080556 0.144050
16 0.681250 0.675365 0.048611 0.093946
16 0.733333 0.629436 0.080556 0.139875
16 0.757639 0.505219 0.056944 0.108559
16 0.798611 0.700418 0.072222 0.118998
16 0.843750 0.664927 0.073611 0.127349
16 0.769444 0.724426 0.063889 0.083507
16 0.768056 0.796451 0.080556 0.102296
16 0.784028 0.842380 0.070833 0.131524
16 0.849306 0.774530 0.084722 0.112735
16 0.878472 0.627349 0.081944 0.139875
16 0.895833 0.776618 0.058333 0.108559
16 0.832639 0.867432 0.051389 0.110647
16 0.945139 0.580376 0.084722 0.141962
16 0.840278 0.458246 0.100000 0.131524
16 0.929167 0.468685 0.097222 0.110647
16 0.990972 0.556367 0.018056 0.123173
16 0.977778 0.639875 0.038889 0.106472
16 0.941667 0.672234 0.069444 0.112735
16 0.974306 0.410230 0.051389 0.102296
