16 0.056250 0.311111 0.110833 0.305185
16 0.149583 0.374815 0.135833 0.281481
16 0.227083 0.185926 0.144167 0.259259
16 0.272917 0.420000 0.169167 0.291852
16 0.166250 0.596296 0.139167 0.294815
16 0.051667 0.596296 0.101667 0.297778
16 0.049583 0.764444 0.097500 0.151111
16 0.417083 0.600000 0.137500 0.331852
16 0.335417 0.630370 0.122500 0.288889
16 0.479167 0.557037 0.076667 0.308148
16 0.448750 0.199259 0.179167 0.244444
16 0.610833 0.119259 0.150000 0.235556
16 0.700833 0.352593 0.186667 0.251852
16 0.580833 0.514074 0.135000 0.340741
16 0.567917 0.688889 0.129167 0.237037
16 0.713333 0.594074 0.153333 0.284444
16 0.691667 0.703704 0.126667 0.222222
16 0.864583 0.575556 0.164167 0.336296
16 0.805833 0.646667 0.110000 0.262222
16 0.855833 0.237778 0.160000 0.318519
