16 0.118125 0.686667 0.111250 0.183333
16 0.166875 0.638333 0.126250 0.220000
16 0.018750 0.902500 0.035000 0.178333
16 0.303750 0.741667 0.142500 0.170000
16 0.272500 0.849167 0.125000 0.148333
16 0.193750 0.930833 0.125000 0.138333
16 0.327500 0.942500 0.155000 0.105000
16 0.385625 0.849167 0.108750 0.178333
16 0.449375 0.731667 0.146250 0.136667
16 0.383125 0.617500 0.136250 0.178333
16 0.305000 0.519167 0.132500 0.221667
16 0.164375 0.516667 0.098750 0.106667
16 0.259375 0.436667 0.101250 0.116667
16 0.388125 0.430833 0.143750 0.171667
16 0.335000 0.358333 0.100000 0.113333
16 0.365000 0.262500 0.155000 0.181667
16 0.478750 0.522500 0.120000 0.215000
16 0.573750 0.423333 0.165000 0.173333
16 0.522500 0.250000 0.135000 0.170000
16 0.504375 0.130000 0.106250 0.120000
16 0.602500 0.120000 0.120000 0.143333
16 0.697500 0.048333 0.137500 0.093333
16 0.711250 0.150000 0.127500 0.183333
16 0.631250 0.297500 0.140000 0.185000
16 0.710000 0.428333 0.135000 0.226667
16 0.789375 0.370000 0.123750 0.196667
16 0.833750 0.372500 0.085000 0.171667
