16 0.128388 0.547285 0.239658 0.232925
16 0.256776 0.361646 0.245364 0.225919
16 0.343795 0.189142 0.154066 0.143608
16 0.462197 0.230298 0.191155 0.316988
16 0.477889 0.063923 0.191155 0.124343
16 0.656919 0.077058 0.215407 0.150613
16 0.837375 0.152364 0.188302 0.262697
16 0.652639 0.249562 0.203994 0.260946
16 0.552782 0.452715 0.198288 0.218914
16 0.424394 0.625219 0.195435 0.280210
16 0.610556 0.606830 0.216833 0.345009
16 0.754636 0.444834 0.182596 0.217163
16 0.897290 0.454466 0.199715 0.201401
16 0.768188 0.677758 0.164051 0.290718
