16 0.199772 0.356250 0.180365 0.300000
16 0.259132 0.093750 0.152968 0.181250
16 0.101598 0.092188 0.198630 0.178125
16 0.017123 0.298438 0.029680 0.234375
16 0.385845 0.507812 0.214612 0.259375
16 0.560502 0.339062 0.198630 0.215625
16 0.619863 0.534375 0.175799 0.143750
16 0.577626 0.615625 0.200913 0.275000
16 0.410959 0.717187 0.182648 0.259375
16 0.857306 0.587500 0.175799 0.106250
16 0.855023 0.732812 0.235160 0.296875
16 0.762557 0.887500 0.196347 0.225000
16 0.563927 0.903125 0.173516 0.193750
