16 0.040625 0.766667 0.078750 0.173333
16 0.138125 0.447500 0.153750 0.095000
16 0.138125 0.774167 0.163750 0.265000
16 0.262500 0.711667 0.160000 0.193333
16 0.301875 0.648333 0.133750 0.173333
16 0.257500 0.579167 0.145000 0.095000
16 0.375000 0.562500 0.152500 0.121667
16 0.484375 0.150833 0.111250 0.185000
16 0.539375 0.455000 0.151250 0.223333
16 0.633125 0.494167 0.086250 0.141667
16 0.690000 0.474167 0.057500 0.085000
16 0.659375 0.345000 0.091250 0.100000
16 0.725000 0.235833 0.127500 0.141667
16 0.750625 0.340833 0.113750 0.068333
16 0.679375 0.585000 0.138750 0.140000
16 0.576875 0.615833 0.108750 0.121667
16 0.531250 0.728333 0.125000 0.200000
16 0.655625 0.725000 0.133750 0.196667
16 0.964375 0.455833 0.071250 0.121667
