16 0.027662 0.709167 0.053236 0.138333
16 0.025052 0.565000 0.048017 0.166667
16 0.034969 0.506667 0.061587 0.120000
16 0.024530 0.428333 0.046973 0.090000
16 0.025052 0.352500 0.045929 0.145000
16 0.036013 0.832500 0.069937 0.165000
16 0.055846 0.924167 0.090814 0.151667
16 0.084551 0.750000 0.070981 0.150000
16 0.137265 0.853333 0.101253 0.186667
16 0.125261 0.936667 0.077244 0.126667
16 0.193111 0.960000 0.087683 0.080000
16 0.229645 0.861667 0.106472 0.166667
16 0.154489 0.701667 0.096033 0.150000
16 0.084551 0.614167 0.052192 0.138333
16 0.133090 0.563333 0.090814 0.143333
16 0.212944 0.592500 0.091858 0.165000
16 0.151879 0.425833 0.115866 0.168333
16 0.188413 0.266667 0.069937 0.160000
16 0.258873 0.431667 0.087683 0.183333
16 0.251566 0.237500 0.102296 0.208333
16 0.338727 0.180833 0.088727 0.178333
16 0.376305 0.042500 0.099165 0.081667
16 0.286534 0.050000 0.092902 0.096667
16 0.341336 0.415833 0.125261 0.175000
16 0.384656 0.495000 0.103340 0.183333
16 0.386221 0.602500 0.093946 0.125000
16 0.472860 0.576667 0.116910 0.203333
16 0.363779 0.721667 0.101253 0.170000
16 0.434760 0.706667 0.069937 0.146667
16 0.427975 0.805833 0.068894 0.068333
16 0.388309 0.885833 0.093946 0.148333
16 0.350209 0.908333 0.061587 0.133333
16 0.495303 0.621667 0.090814 0.190000
16 0.549582 0.706667 0.103340 0.143333
16 0.578810 0.620000 0.088727 0.196667
16 0.668580 0.598333 0.076200 0.120000
16 0.647704 0.555833 0.082463 0.151667
16 0.692589 0.446667 0.113779 0.210000
16 0.580376 0.470833 0.116910 0.161667
16 0.740605 0.476667 0.072025 0.093333
16 0.838727 0.427500 0.082463 0.171667
16 0.755219 0.354167 0.122129 0.195000
16 0.578810 0.325000 0.111691 0.180000
16 0.544885 0.290000 0.104384 0.163333
16 0.474948 0.334167 0.098121 0.198333
16 0.881524 0.270833 0.117954 0.195000
16 0.944676 0.192500 0.081420 0.121667
16 0.741649 0.167500 0.130480 0.195000
16 0.634134 0.123333 0.134656 0.243333
16 0.878914 0.073333 0.129436 0.143333
16 0.956159 0.082500 0.083507 0.161667
16 0.637265 0.125000 0.143006 0.246667
16 0.790188 0.055833 0.110647 0.108333
