16 0.840000 0.036000 0.204000 0.066667
16 0.961000 0.116000 0.078000 0.104000
16 0.973000 0.272000 0.054000 0.352000
16 0.864000 0.208000 0.256000 0.325333
16 0.896000 0.425333 0.140000 0.258667
16 0.745000 0.384000 0.254000 0.373333
16 0.591000 0.186667 0.250000 0.336000
16 0.582000 0.501333 0.208000 0.362667
16 0.346000 0.420000 0.228000 0.269333
16 0.374000 0.548000 0.212000 0.381333
16 0.527000 0.800000 0.230000 0.400000
16 0.192000 0.877333 0.240000 0.245333
16 0.308000 0.765333 0.228000 0.346667
16 0.047000 0.886667 0.090000 0.226667
