16 0.184783 0.371318 0.233696 0.268217
16 0.369565 0.397674 0.233696 0.283721
16 0.415761 0.632558 0.222826 0.244961
16 0.139266 0.547287 0.243207 0.260465
16 0.136549 0.734109 0.112772 0.178295
16 0.254076 0.730233 0.211957 0.266667
16 0.419158 0.862791 0.210598 0.252713
16 0.470109 0.240310 0.214674 0.213953
16 0.567255 0.439535 0.232337 0.258915
16 0.625679 0.296899 0.150815 0.137984
16 0.707201 0.456589 0.118207 0.224806
16 0.821332 0.175969 0.191576 0.234109
16 0.731658 0.285271 0.082880 0.124031
16 0.794837 0.316279 0.154891 0.099225
16 0.925272 0.358915 0.149457 0.212403
16 0.796196 0.424031 0.154891 0.187597
16 0.959918 0.510853 0.080163 0.150388
16 0.786005 0.606202 0.175272 0.235659
16 0.923234 0.655814 0.153533 0.229457
16 0.625000 0.665891 0.225543 0.227907
16 0.762228 0.791473 0.184783 0.193798
16 0.597826 0.858915 0.184783 0.241860
