16 0.093945 0.288802 0.187109 0.288021
16 0.256445 0.453125 0.191797 0.245833
16 0.324805 0.351562 0.120703 0.130208
16 0.391797 0.525000 0.162500 0.245833
16 0.200195 0.675521 0.191797 0.283333
16 0.075000 0.559115 0.149219 0.291146
16 0.041406 0.844531 0.082031 0.276562
16 0.351562 0.710417 0.074219 0.092708
16 0.558984 0.286458 0.203906 0.234375
16 0.526172 0.503646 0.108594 0.125000
16 0.771484 0.297135 0.201563 0.235937
16 0.869336 0.646875 0.194141 0.310417
16 0.831250 0.486458 0.162500 0.081250
16 0.717969 0.676302 0.147656 0.232813
16 0.655469 0.555729 0.089063 0.098958
16 0.504883 0.675521 0.126953 0.234375
16 0.616992 0.736458 0.168359 0.271875
16 0.978320 0.336719 0.043359 0.136979
