16 0.030469 0.330208 0.057813 0.139583
16 0.052344 0.434375 0.101562 0.127083
16 0.025000 0.523958 0.046875 0.156250
16 0.192969 0.558333 0.107813 0.170833
16 0.214062 0.340625 0.106250 0.152083
16 0.314844 0.303125 0.110937 0.156250
16 0.292969 0.418750 0.114062 0.150000
16 0.271094 0.556250 0.089063 0.154167
16 0.351562 0.583333 0.118750 0.145833
16 0.380469 0.506250 0.142187 0.200000
16 0.435156 0.387500 0.132812 0.158333
16 0.506250 0.580208 0.150000 0.202083
16 0.458594 0.644792 0.114062 0.122917
16 0.681250 0.643750 0.093750 0.166667
16 0.618750 0.628125 0.134375 0.152083
16 0.619531 0.505208 0.148438 0.185417
16 0.533594 0.393750 0.126562 0.191667
16 0.629687 0.359375 0.093750 0.135417
16 0.705469 0.347917 0.110937 0.120833
16 0.702344 0.451042 0.110937 0.177083
16 0.760938 0.582292 0.128125 0.106250
16 0.802344 0.465625 0.135937 0.152083
16 0.950781 0.470833 0.098437 0.187500
16 0.889844 0.582292 0.142187 0.218750
16 0.966406 0.681250 0.067187 0.175000
16 0.908594 0.703125 0.095312 0.127083
