16 0.423692 0.394218 0.157461 0.195413
16 0.569041 0.232720 0.128391 0.185724
16 0.345567 0.441053 0.064196 0.121124
16 0.035489 0.232720 0.066618 0.111434
16 0.056080 0.395026 0.071463 0.100129
16 0.034884 0.804425 0.060562 0.075904
16 0.224443 0.555717 0.107800 0.114664
16 0.224443 0.723676 0.107800 0.156654
16 0.337088 0.744671 0.102955 0.169574
16 0.450945 0.610627 0.107800 0.179264
16 0.552083 0.634851 0.109012 0.198643
16 0.607800 0.416828 0.176841 0.247093
16 0.790092 0.365149 0.127180 0.221253
16 0.731347 0.479005 0.138081 0.222868
