16 0.073730 0.355469 0.051758 0.083984
16 0.116211 0.398926 0.089844 0.106445
16 0.135254 0.338867 0.069336 0.060547
16 0.200684 0.336914 0.088867 0.091797
16 0.194824 0.407227 0.081055 0.089844
16 0.017578 0.516113 0.033203 0.124023
16 0.156738 0.546387 0.092773 0.102539
16 0.273926 0.499023 0.065430 0.066406
16 0.333984 0.546387 0.097656 0.110352
16 0.393066 0.420410 0.075195 0.088867
16 0.400391 0.365723 0.080078 0.063477
16 0.551758 0.458008 0.097656 0.103516
16 0.479004 0.614746 0.081055 0.104492
16 0.544922 0.600098 0.074219 0.104492
16 0.615234 0.578613 0.083984 0.098633
16 0.648926 0.561523 0.075195 0.093750
16 0.602539 0.653320 0.082031 0.099609
16 0.725098 0.720703 0.084961 0.097656
16 0.793945 0.727539 0.074219 0.107422
16 0.853516 0.761230 0.083984 0.104492
