16 0.033000 0.947896 0.062000 0.104208
16 0.129000 0.937876 0.146000 0.124248
16 0.126000 0.870741 0.140000 0.066132
16 0.160000 0.815631 0.132000 0.136273
16 0.265000 0.900802 0.146000 0.150301
16 0.281000 0.977956 0.142000 0.044088
16 0.378000 0.831663 0.144000 0.140281
16 0.421000 0.933868 0.154000 0.124248
16 0.317000 0.787575 0.122000 0.088176
16 0.302000 0.697395 0.136000 0.136273
16 0.359000 0.617234 0.114000 0.056112
16 0.416000 0.677355 0.152000 0.152305
16 0.476000 0.543086 0.132000 0.132265
16 0.563000 0.625251 0.150000 0.140281
16 0.578000 0.733467 0.148000 0.132265
16 0.546000 0.810621 0.140000 0.118236
16 0.653000 0.661323 0.114000 0.136273
16 0.584000 0.429860 0.164000 0.090180
16 0.602000 0.506012 0.140000 0.126253
16 0.747000 0.598196 0.126000 0.130261
16 0.810000 0.562124 0.132000 0.130261
16 0.729000 0.463928 0.134000 0.134269
16 0.822000 0.455912 0.084000 0.086172
16 0.859000 0.484970 0.042000 0.036072
16 0.935000 0.485972 0.122000 0.122244
16 0.661000 0.345691 0.122000 0.130261
16 0.753000 0.270541 0.130000 0.080160
16 0.785000 0.349699 0.138000 0.126253
16 0.919000 0.379760 0.126000 0.086172
16 0.901000 0.302605 0.138000 0.140281
16 0.834000 0.236473 0.120000 0.112224
16 0.852000 0.164329 0.068000 0.056112
16 0.933000 0.169339 0.118000 0.130261
16 0.983000 0.093186 0.034000 0.118236
