16 0.176498 0.828964 0.098315 0.127341
16 0.254213 0.888889 0.085206 0.114856
16 0.340356 0.824594 0.111423 0.131086
16 0.297285 0.702247 0.100187 0.131086
16 0.231742 0.475031 0.102060 0.141074
16 0.238296 0.570537 0.092697 0.134831
16 0.314139 0.566167 0.098315 0.148564
16 0.404026 0.584270 0.105805 0.147316
16 0.140918 0.360799 0.111423 0.147316
16 0.267322 0.299625 0.098315 0.132335
16 0.334270 0.404494 0.106742 0.172285
16 0.401685 0.441323 0.048689 0.106117
16 0.412921 0.382647 0.080524 0.086142
16 0.484082 0.471910 0.125468 0.144819
16 0.495318 0.390137 0.076779 0.041199
16 0.514981 0.325218 0.132959 0.101124
16 0.513577 0.245318 0.120787 0.098627
16 0.443352 0.697253 0.113296 0.146067
16 0.593165 0.685393 0.115169 0.159800
16 0.632959 0.490012 0.116105 0.108614
16 0.739232 0.436330 0.124532 0.151061
16 0.801966 0.565543 0.098315 0.144819
16 0.745318 0.652310 0.119850 0.225968
16 0.878745 0.437578 0.120787 0.136080
16 0.956929 0.415730 0.086142 0.142322
16 0.974251 0.603620 0.051498 0.173533
16 0.898876 0.599875 0.108614 0.153558
16 0.901685 0.702871 0.112360 0.149813
