16 0.175417 0.589375 0.040833 0.061250
16 0.170000 0.636250 0.038333 0.060000
16 0.209167 0.613750 0.046667 0.057500
16 0.213333 0.564375 0.038333 0.056250
16 0.235000 0.570625 0.033333 0.056250
16 0.265417 0.555625 0.035833 0.053750
16 0.282083 0.598750 0.022500 0.055000
16 0.264167 0.606875 0.040000 0.053750
16 0.351250 0.450000 0.039167 0.047500
16 0.352500 0.481250 0.040000 0.060000
16 0.385417 0.453750 0.029167 0.052500
16 0.399167 0.461250 0.038333 0.050000
16 0.341667 0.531875 0.050000 0.061250
16 0.375833 0.560000 0.040000 0.067500
16 0.412917 0.573125 0.049167 0.066250
16 0.411667 0.513750 0.033333 0.060000
16 0.388750 0.505000 0.040833 0.062500
16 0.397917 0.616250 0.037500 0.057500
