16 0.531250 0.269116 0.049500 0.036569
16 0.589000 0.286320 0.081000 0.049368
16 0.561750 0.333693 0.084000 0.046376
16 0.503750 0.317071 0.075000 0.055352
16 0.601875 0.346825 0.044750 0.048371
16 0.502250 0.386719 0.082500 0.051695
16 0.631000 0.472490 0.075000 0.054355
16 0.604750 0.483544 0.046500 0.033245
16 0.531625 0.454455 0.052750 0.026928
16 0.482000 0.480053 0.064000 0.050864
16 0.527250 0.491356 0.078000 0.053856
16 0.562500 0.528507 0.078000 0.055685
16 0.488625 0.530918 0.077250 0.052859
16 0.598125 0.594997 0.047750 0.052693
16 0.517375 0.586852 0.075750 0.050366
16 0.512125 0.614777 0.081750 0.034741
16 0.516875 0.641207 0.079250 0.050366
16 0.630875 0.643368 0.077750 0.053690
16 0.592000 0.681765 0.076500 0.048371
16 0.534875 0.678108 0.056750 0.048039
16 0.500000 0.717670 0.075000 0.040060
16 0.541875 0.733045 0.039750 0.021941
16 0.453750 0.748753 0.053000 0.046376
16 0.487500 0.769781 0.087000 0.056184
16 0.564375 0.765126 0.083250 0.056848
16 0.520125 0.789977 0.075750 0.025432
16 0.662500 0.801529 0.079500 0.055186
16 0.609125 0.830868 0.077250 0.049368
16 0.540500 0.951878 0.072000 0.046044
16 0.639375 0.951380 0.078750 0.056682
16 0.585250 0.980801 0.079500 0.038398
16 0.503625 0.973404 0.064750 0.047872
16 0.466500 0.990359 0.070000 0.019282
