16 0.252441 0.182129 0.129883 0.122070
16 0.341797 0.249023 0.115234 0.105469
16 0.205566 0.292480 0.104492 0.120117
16 0.051758 0.337402 0.097656 0.125977
16 0.107422 0.370605 0.113281 0.176758
16 0.157715 0.461914 0.100586 0.146484
16 0.218262 0.408691 0.125977 0.170898
16 0.470215 0.319336 0.131836 0.111328
16 0.425293 0.362793 0.098633 0.096680
16 0.625000 0.407227 0.140625 0.117188
16 0.507324 0.447754 0.133789 0.122070
16 0.333008 0.520508 0.107422 0.115234
16 0.369629 0.620117 0.081055 0.126953
16 0.460938 0.596191 0.117188 0.163086
16 0.503906 0.559570 0.117188 0.146484
16 0.611328 0.591797 0.109375 0.132812
16 0.568359 0.669434 0.087891 0.116211
16 0.680176 0.675781 0.108398 0.126953
16 0.727051 0.601074 0.102539 0.139648
16 0.794434 0.561035 0.112305 0.114258
16 0.832520 0.657227 0.127930 0.109375
16 0.451172 0.736328 0.113281 0.146484
16 0.537598 0.795898 0.102539 0.150391
16 0.624023 0.820312 0.083984 0.134766
