16 0.306971 0.135556 0.190349 0.182222
16 0.146113 0.163333 0.195710 0.175556
16 0.209115 0.301111 0.198391 0.157778
16 0.132708 0.431111 0.195710 0.160000
16 0.317694 0.414444 0.211796 0.162222
16 0.371314 0.334444 0.168901 0.108889
16 0.510724 0.417778 0.195710 0.164444
16 0.249330 0.533333 0.193029 0.146667
16 0.081769 0.533333 0.142091 0.124444
16 0.162198 0.575556 0.131367 0.071111
16 0.294906 0.604444 0.085791 0.062222
16 0.399464 0.566667 0.166220 0.168889
16 0.576408 0.554444 0.214477 0.166667
16 0.683646 0.474444 0.171582 0.095556
16 0.765416 0.562222 0.190349 0.155556
16 0.619303 0.687778 0.176944 0.144444
16 0.786863 0.742222 0.190349 0.173333
16 0.474531 0.728889 0.171582 0.155556
16 0.632708 0.817778 0.150134 0.155556
16 0.786863 0.856667 0.168901 0.126667
