16 0.145996 0.814897 0.045898 0.060472
16 0.179199 0.912242 0.034180 0.048673
16 0.149414 0.923304 0.037109 0.047198
16 0.137207 0.971976 0.034180 0.056047
16 0.184570 0.799410 0.027344 0.056047
16 0.232422 0.938053 0.033203 0.056047
16 0.259277 0.952802 0.038086 0.073746
16 0.227539 0.979351 0.048828 0.041298
16 0.293457 0.898230 0.036133 0.067847
16 0.287109 0.969027 0.039062 0.053097
16 0.259766 0.841445 0.033203 0.054572
16 0.278320 0.831858 0.029297 0.058997
16 0.315918 0.789823 0.034180 0.063422
16 0.331055 0.828909 0.033203 0.050147
16 0.360352 0.803097 0.033203 0.066372
16 0.353027 0.740413 0.038086 0.061947
16 0.385742 0.731563 0.035156 0.064897
16 0.281250 0.735251 0.033203 0.051622
16 0.298340 0.668879 0.043945 0.066372
16 0.348633 0.671829 0.037109 0.063422
16 0.383301 0.683628 0.030273 0.060472
16 0.395996 0.657080 0.034180 0.054572
16 0.380371 0.602507 0.030273 0.060472
16 0.029785 0.676254 0.047852 0.089971
16 0.096191 0.671829 0.061523 0.075221
16 0.093262 0.732301 0.051758 0.075221
16 0.032715 0.755900 0.055664 0.089971
16 0.078613 0.821534 0.043945 0.073746
16 0.064941 0.924041 0.049805 0.075221
16 0.051758 0.979351 0.052734 0.041298
16 0.017090 0.884956 0.032227 0.079646
16 0.321777 0.262537 0.045898 0.076696
16 0.364746 0.255900 0.040039 0.075221
16 0.411621 0.248525 0.045898 0.072271
16 0.433594 0.245575 0.027344 0.063422
16 0.396484 0.295723 0.039062 0.057522
16 0.361328 0.358407 0.035156 0.079646
16 0.414551 0.403392 0.036133 0.057522
16 0.438965 0.389381 0.040039 0.058997
16 0.475098 0.370944 0.041992 0.054572
16 0.462891 0.428466 0.044922 0.060472
16 0.413086 0.500737 0.044922 0.057522
16 0.423828 0.544248 0.035156 0.056047
16 0.484375 0.491150 0.041016 0.070796
16 0.495605 0.455752 0.038086 0.058997
16 0.525391 0.466814 0.041016 0.066372
16 0.559570 0.446903 0.050781 0.067847
16 0.561523 0.498525 0.050781 0.050147
16 0.505371 0.545723 0.036133 0.070796
16 0.546387 0.575959 0.038086 0.072271
16 0.469727 0.595133 0.041016 0.069322
16 0.493652 0.647493 0.040039 0.056047
16 0.534180 0.643068 0.044922 0.056047
16 0.518555 0.687316 0.039062 0.061947
16 0.479980 0.695428 0.032227 0.057522
16 0.483398 0.736726 0.037109 0.054572
16 0.523926 0.740413 0.047852 0.067847
16 0.560547 0.693215 0.046875 0.064897
16 0.583496 0.724926 0.034180 0.060472
16 0.599609 0.700590 0.041016 0.064897
16 0.615234 0.655605 0.042969 0.060472
16 0.537109 0.796460 0.041016 0.056047
16 0.647461 0.568584 0.041016 0.069322
16 0.695801 0.472714 0.024414 0.054572
16 0.745117 0.488201 0.037109 0.067847
16 0.750977 0.547935 0.037109 0.063422
16 0.689941 0.547198 0.034180 0.053097
16 0.718262 0.588496 0.040039 0.076696
16 0.654785 0.658555 0.026367 0.066372
16 0.677246 0.649705 0.036133 0.063422
16 0.664062 0.741150 0.035156 0.072271
16 0.639648 0.755162 0.035156 0.073746
16 0.490234 0.778761 0.041016 0.050147
16 0.515137 0.823746 0.034180 0.054572
16 0.545898 0.859145 0.046875 0.066372
16 0.575195 0.834808 0.044922 0.064897
16 0.642578 0.896018 0.041016 0.066372
16 0.650879 0.965339 0.043945 0.063422
16 0.602539 0.967552 0.054688 0.064897
16 0.706543 0.921091 0.036133 0.066372
