16 0.232422 0.210938 0.046875 0.072917
16 0.262695 0.207899 0.053602 0.059317
16 0.252387 0.173611 0.032118 0.019676
16 0.290148 0.193142 0.041233 0.061632
16 0.321832 0.190828 0.043837 0.049479
16 0.324327 0.228443 0.053602 0.044271
16 0.306749 0.251302 0.044488 0.051794
16 0.278971 0.264178 0.049696 0.054977
16 0.229275 0.271412 0.056641 0.057292
16 0.266059 0.306134 0.052517 0.054977
16 0.334418 0.316406 0.048611 0.058738
16 0.336589 0.269531 0.045139 0.048900
16 0.302951 0.341580 0.043837 0.070891
16 0.390625 0.287037 0.048177 0.057870
16 0.319770 0.484230 0.045790 0.056424
16 0.288954 0.481626 0.027561 0.025174
16 0.311849 0.534144 0.034288 0.058449
16 0.336914 0.529225 0.041016 0.059606
16 0.378364 0.519676 0.051866 0.060185
16 0.342990 0.435619 0.044054 0.063947
16 0.376411 0.423756 0.038845 0.058738
16 0.392904 0.442853 0.042318 0.058738
16 0.427843 0.434028 0.038845 0.060764
16 0.450629 0.454138 0.041016 0.054109
16 0.417535 0.490451 0.043403 0.065394
16 0.432075 0.550203 0.047309 0.073785
16 0.457140 0.501447 0.046224 0.058449
16 0.482639 0.464410 0.046875 0.057870
16 0.485460 0.404803 0.046875 0.064815
16 0.480577 0.528935 0.037109 0.060185
16 0.510525 0.530671 0.031901 0.045718
16 0.541124 0.372396 0.046224 0.062500
16 0.566298 0.364728 0.024523 0.036748
16 0.576172 0.400897 0.052517 0.055845
16 0.531684 0.406973 0.044705 0.051215
16 0.523980 0.584346 0.042752 0.073785
16 0.552843 0.548756 0.051432 0.066262
16 0.581380 0.528791 0.043403 0.064525
16 0.517361 0.453848 0.030816 0.061053
16 0.544271 0.445023 0.039931 0.057292
16 0.584201 0.445023 0.049045 0.052662
16 0.638129 0.434896 0.044054 0.057870
16 0.666124 0.458478 0.046224 0.068576
16 0.622721 0.480758 0.051866 0.054109
16 0.567600 0.244068 0.033203 0.039062
16 0.597005 0.201678 0.032552 0.045718
16 0.592122 0.223814 0.026259 0.025752
16 0.615668 0.221644 0.025174 0.038194
16 0.590495 0.260417 0.037760 0.054977
16 0.623047 0.273003 0.037760 0.046586
16 0.641927 0.178096 0.020399 0.030382
16 0.660156 0.177517 0.032986 0.039641
16 0.646484 0.211661 0.043403 0.054688
16 0.658095 0.239439 0.037109 0.035590
16 0.647895 0.260417 0.025825 0.031829
16 0.652235 0.296296 0.026259 0.036458
16 0.678168 0.289352 0.033854 0.035301
16 0.680447 0.323640 0.037109 0.050058
16 0.627930 0.312066 0.046224 0.051794
16 0.652235 0.340856 0.031901 0.043403
16 0.645291 0.378328 0.038845 0.051794
16 0.676758 0.368200 0.037543 0.052373
16 0.724175 0.365451 0.045573 0.050347
16 0.597114 0.560764 0.044054 0.043403
16 0.629666 0.534144 0.055339 0.055556
16 0.588542 0.602286 0.039497 0.063947
16 0.654405 0.624855 0.054905 0.044850
16 0.647895 0.569589 0.050998 0.056424
16 0.684462 0.540365 0.029080 0.054109
16 0.714735 0.553530 0.057509 0.070023
16 0.692925 0.462095 0.023438 0.041088
16 0.724935 0.456453 0.055339 0.054109
16 0.785482 0.440394 0.058811 0.067708
16 0.835503 0.479601 0.072049 0.068576
16 0.812391 0.542101 0.055339 0.077836
16 0.778971 0.545139 0.058377 0.070023
16 0.769531 0.583189 0.061198 0.073206
16 0.848958 0.560764 0.039497 0.072338
