16 0.532005 0.081856 0.107488 0.161627
16 0.455918 0.083942 0.112319 0.165798
16 0.345411 0.139729 0.125604 0.166840
16 0.268116 0.139729 0.079710 0.133472
16 0.245773 0.197080 0.095411 0.193952
16 0.330314 0.246090 0.102657 0.162669
16 0.421498 0.306569 0.094203 0.191867
16 0.332126 0.373306 0.103865 0.183525
16 0.236111 0.355579 0.092995 0.206465
16 0.174517 0.339937 0.080918 0.095933
16 0.140700 0.453597 0.131643 0.164755
16 0.074879 0.574557 0.128019 0.152242
16 0.280797 0.509906 0.100242 0.160584
16 0.383454 0.508863 0.092995 0.137643
16 0.460749 0.517205 0.117150 0.145985
16 0.385870 0.665276 0.083333 0.204380
16 0.303744 0.627737 0.107488 0.229406
16 0.219203 0.628780 0.102657 0.198123
