16 0.647917 0.043490 0.178125 0.084896
16 0.515365 0.115625 0.145313 0.141667
16 0.665104 0.145052 0.165625 0.176563
16 0.384635 0.120833 0.130729 0.106250
16 0.408073 0.238802 0.175521 0.175521
16 0.555208 0.288542 0.179167 0.185417
16 0.787240 0.360677 0.204687 0.191146
16 0.660156 0.416927 0.175521 0.219271
16 0.189062 0.258333 0.200000 0.183333
16 0.140625 0.358854 0.112500 0.105208
16 0.055208 0.444271 0.109375 0.145833
16 0.472396 0.418229 0.214583 0.172917
16 0.224740 0.422396 0.181771 0.169792
16 0.350781 0.519531 0.169271 0.220312
16 0.112760 0.504948 0.175521 0.189062
16 0.220573 0.603385 0.160938 0.182812
16 0.318490 0.705208 0.175521 0.141667
16 0.109115 0.731510 0.182812 0.159896
16 0.224740 0.843490 0.157812 0.190104
16 0.076823 0.835417 0.145313 0.142708
16 0.147135 0.935937 0.174479 0.128125
16 0.388281 0.663281 0.167187 0.159896
