16 0.028986 0.573265 0.055072 0.185090
16 0.102174 0.586118 0.085507 0.164524
16 0.172464 0.521851 0.081159 0.128535
16 0.114493 0.362468 0.084058 0.071979
16 0.186232 0.305913 0.088406 0.128535
16 0.250725 0.524422 0.081159 0.169666
16 0.222464 0.649100 0.076812 0.136247
16 0.298551 0.403599 0.092754 0.154242
16 0.353623 0.338046 0.075362 0.084833
16 0.413043 0.285347 0.078261 0.123393
16 0.387681 0.440874 0.097101 0.136247
16 0.418841 0.551414 0.086957 0.146530
16 0.423913 0.624679 0.073913 0.097686
16 0.487681 0.564267 0.085507 0.156812
16 0.494203 0.641388 0.072464 0.120823
16 0.573188 0.289203 0.091304 0.156812
16 0.542029 0.438303 0.086957 0.156812
16 0.603623 0.439589 0.079710 0.154242
16 0.612319 0.543702 0.088406 0.141388
16 0.680435 0.419023 0.091304 0.159383
16 0.768116 0.255784 0.095652 0.172237
16 0.787681 0.410026 0.085507 0.141388
16 0.758696 0.541131 0.088406 0.161954
16 0.832609 0.575835 0.085507 0.159383
16 0.881884 0.467866 0.097101 0.154242
