16 0.072704 0.150901 0.089286 0.202703
16 0.266582 0.146396 0.089286 0.184685
16 0.340561 0.173423 0.094388 0.202703
16 0.454082 0.261261 0.112245 0.180180
16 0.253827 0.463964 0.089286 0.189189
16 0.354592 0.423423 0.112245 0.171171
16 0.281888 0.599099 0.104592 0.180180
16 0.667092 0.459459 0.099490 0.153153
16 0.630102 0.689189 0.086735 0.207207
16 0.737245 0.635135 0.096939 0.180180
16 0.903061 0.407658 0.107143 0.184685
16 0.844388 0.795045 0.086735 0.211712
16 0.933673 0.725225 0.112245 0.189189
16 0.955357 0.191441 0.089286 0.175676
16 0.554847 0.527027 0.094388 0.072072
