16 0.697083 0.182494 0.177500 0.248284
16 0.662500 0.261442 0.185000 0.271167
16 0.544583 0.349542 0.200833 0.255149
16 0.311667 0.328375 0.166667 0.221968
16 0.372500 0.450801 0.183333 0.281465
16 0.202917 0.537185 0.217500 0.248284
16 0.055833 0.697941 0.110000 0.304348
16 0.523333 0.586957 0.183333 0.290618
16 0.797500 0.387300 0.188333 0.225400
16 0.676250 0.530320 0.180833 0.296339
16 0.402917 0.727117 0.187500 0.310069
16 0.442500 0.862700 0.150000 0.244851
16 0.213750 0.906178 0.200833 0.187643
