16 0.847826 0.346059 0.051630 0.056650
16 0.804348 0.349754 0.059783 0.108374
16 0.841712 0.460591 0.047554 0.078818
16 0.787364 0.497537 0.077446 0.083744
16 0.713995 0.391626 0.050272 0.093596
16 0.681386 0.578818 0.061141 0.128079
16 0.606658 0.460591 0.069293 0.123153
16 0.512228 0.396552 0.046196 0.093596
16 0.480299 0.466749 0.072011 0.086207
16 0.517663 0.523399 0.062500 0.105911
16 0.517663 0.628079 0.059783 0.083744
16 0.567935 0.645320 0.051630 0.098522
16 0.389946 0.525862 0.059783 0.061576
16 0.387228 0.587438 0.065217 0.115764
16 0.419837 0.719212 0.062500 0.113300
16 0.359375 0.679803 0.074728 0.098522
16 0.316576 0.565271 0.067935 0.100985
16 0.265625 0.602217 0.047554 0.100985
16 0.289402 0.717980 0.054348 0.081281
16 0.237772 0.751232 0.043478 0.108374
16 0.217391 0.633005 0.062500 0.093596
16 0.205163 0.577586 0.062500 0.076355
16 0.137908 0.613300 0.066576 0.108374
16 0.089674 0.782020 0.054348 0.100985
