16 0.408750 0.100556 0.104167 0.112222
16 0.329583 0.193889 0.102500 0.121111
16 0.387917 0.240000 0.104167 0.133333
16 0.455833 0.161667 0.093333 0.121111
16 0.496250 0.120556 0.080833 0.107778
16 0.562917 0.171111 0.095833 0.133333
16 0.508750 0.223333 0.082500 0.111111
16 0.477917 0.277222 0.104167 0.141111
16 0.601250 0.305556 0.107500 0.144444
16 0.537500 0.352778 0.101667 0.118889
16 0.435417 0.394444 0.109167 0.157778
16 0.350833 0.381667 0.091667 0.103333
16 0.328333 0.458889 0.106667 0.102222
16 0.182083 0.531111 0.125833 0.173333
16 0.271250 0.545556 0.095833 0.155556
16 0.375417 0.523889 0.104167 0.161111
16 0.482917 0.516667 0.110833 0.144444
16 0.532500 0.476111 0.086667 0.138889
16 0.290417 0.647778 0.114167 0.104444
16 0.102917 0.808333 0.099167 0.136667
16 0.186250 0.783889 0.095833 0.078889
16 0.268750 0.809444 0.107500 0.105556
16 0.226667 0.905000 0.080000 0.165556
16 0.160417 0.901111 0.102500 0.160000
16 0.109167 0.917222 0.058333 0.143333
16 0.655000 0.507778 0.113333 0.155556
16 0.574167 0.644444 0.085000 0.095556
16 0.663333 0.657222 0.113333 0.167778
16 0.790000 0.606667 0.103333 0.155556
16 0.752500 0.740000 0.100000 0.177778
16 0.661667 0.767222 0.110000 0.154444
16 0.540000 0.861111 0.091667 0.144444
16 0.618750 0.853889 0.140833 0.165556
16 0.705417 0.927222 0.117500 0.145556
16 0.749167 0.837778 0.096667 0.095556
16 0.775833 0.933333 0.083333 0.133333
16 0.842083 0.369444 0.094167 0.141111
16 0.880833 0.451111 0.116667 0.144444
16 0.955833 0.367778 0.088333 0.133333
16 0.968333 0.438333 0.063333 0.158889
16 0.941667 0.555556 0.106667 0.168889
16 0.850000 0.621667 0.073333 0.132222
16 0.926250 0.665556 0.109167 0.151111
16 0.905000 0.726111 0.096667 0.156667
16 0.837500 0.761111 0.098333 0.160000
