16 0.203333 0.507927 0.103333 0.132927
16 0.141250 0.628049 0.087500 0.109756
16 0.212500 0.686585 0.093333 0.143902
16 0.280417 0.588415 0.082500 0.140244
16 0.301250 0.621951 0.057500 0.134146
16 0.356667 0.694512 0.085000 0.142683
16 0.378750 0.611585 0.095833 0.140244
16 0.456250 0.658537 0.099167 0.151220
16 0.311667 0.491463 0.088333 0.129268
16 0.282083 0.351220 0.064167 0.078049
16 0.337083 0.368902 0.097500 0.106098
16 0.347083 0.298171 0.065833 0.069512
16 0.400000 0.349390 0.078333 0.142683
16 0.483750 0.336585 0.097500 0.151220
16 0.479583 0.464024 0.097500 0.128049
16 0.394167 0.482927 0.091667 0.146341
16 0.545833 0.534146 0.096667 0.151220
16 0.644583 0.496951 0.095833 0.150000
16 0.660417 0.581098 0.100833 0.137805
16 0.767083 0.408537 0.094167 0.158537
