16 0.334333 0.332221 0.052667 0.068045
16 0.366667 0.309873 0.042667 0.042028
16 0.389000 0.341561 0.066000 0.056037
16 0.341667 0.386591 0.054000 0.050033
16 0.352667 0.435624 0.054667 0.061374
16 0.422000 0.434957 0.072000 0.053369
16 0.452000 0.463309 0.080000 0.063376
16 0.537000 0.464310 0.064667 0.065377
16 0.384667 0.486324 0.054667 0.057372
16 0.325000 0.498666 0.059333 0.063376
16 0.342667 0.533022 0.041333 0.066711
16 0.373667 0.536691 0.047333 0.062041
16 0.443000 0.521348 0.076667 0.054036
16 0.493000 0.503002 0.056667 0.060040
16 0.529000 0.541694 0.058000 0.078719
16 0.472333 0.564376 0.083333 0.054703
16 0.494333 0.600400 0.060667 0.062708
16 0.552000 0.583389 0.064000 0.060707
16 0.536000 0.646765 0.062667 0.075384
16 0.504667 0.671448 0.052000 0.063376
16 0.862000 0.674450 0.058667 0.064043
16 0.913000 0.676785 0.075333 0.062041
16 0.915333 0.869580 0.065333 0.060707
16 0.850000 0.894263 0.066667 0.075384
16 0.910333 0.922949 0.055333 0.078052
