16 0.225420 0.229630 0.172662 0.266667
16 0.100719 0.333333 0.187050 0.259259
16 0.344125 0.418519 0.199041 0.303704
16 0.402878 0.840741 0.187050 0.274074
16 0.446043 0.196296 0.163070 0.237037
16 0.539568 0.103704 0.115108 0.200000
16 0.683453 0.200000 0.187050 0.259259
16 0.904077 0.400000 0.187050 0.281481
16 0.687050 0.494444 0.160671 0.285185
16 0.350120 0.831481 0.105516 0.233333
16 0.737410 0.555556 0.093525 0.170370
16 0.832134 0.529630 0.143885 0.259259
16 0.864508 0.616667 0.122302 0.203704
