16 0.157285 0.485178 0.149007 0.160079
16 0.118377 0.618577 0.157285 0.169960
16 0.198675 0.700593 0.066225 0.175889
16 0.132450 0.739130 0.149007 0.177866
16 0.036424 0.717391 0.069536 0.264822
16 0.311258 0.739130 0.105960 0.162055
16 0.389073 0.756917 0.112583 0.173913
16 0.450331 0.649209 0.142384 0.175889
16 0.533940 0.539526 0.144040 0.193676
16 0.625000 0.396245 0.140728 0.148221
16 0.756623 0.426877 0.139073 0.166008
16 0.894040 0.516798 0.122517 0.203557
16 0.689570 0.638340 0.120861 0.177866
16 0.796358 0.657115 0.112583 0.191700
