16 0.086364 0.345000 0.169091 0.265000
16 0.109091 0.080000 0.214545 0.155000
16 0.430000 0.125000 0.227273 0.245000
16 0.470909 0.308750 0.083636 0.172500
16 0.365455 0.326250 0.203636 0.267500
16 0.272727 0.532500 0.192727 0.265000
16 0.155455 0.470000 0.114545 0.140000
16 0.152727 0.603750 0.167273 0.217500
16 0.435455 0.723750 0.220000 0.287500
16 0.521818 0.571250 0.192727 0.322500
16 0.614545 0.531250 0.130909 0.222500
16 0.693636 0.581250 0.121818 0.092500
16 0.687273 0.736250 0.218182 0.267500
16 0.273636 0.783750 0.158182 0.282500
16 0.406364 0.903750 0.230909 0.192500
16 0.597273 0.870000 0.205455 0.260000
16 0.742727 0.923750 0.136364 0.152500
16 0.867273 0.872500 0.225455 0.245000
