16 0.144467 0.495614 0.284836 0.347953
16 0.250000 0.309942 0.295082 0.233918
16 0.169057 0.817251 0.264344 0.359649
16 0.051230 0.872807 0.098361 0.254386
16 0.421107 0.811404 0.256148 0.377193
16 0.293033 0.904971 0.122951 0.125731
16 0.428279 0.467836 0.278689 0.350877
16 0.377049 0.150585 0.172131 0.295322
16 0.524590 0.152047 0.237705 0.298246
16 0.611680 0.292398 0.284836 0.368421
16 0.589139 0.716374 0.223361 0.438596
16 0.804303 0.283626 0.194672 0.222222
16 0.927254 0.147661 0.145492 0.289474
16 0.934426 0.419591 0.131148 0.365497
16 0.776639 0.577485 0.266393 0.412281
16 0.764344 0.855263 0.245902 0.289474
16 0.923156 0.779240 0.153689 0.441520
