16 0.057222 0.353261 0.112222 0.200311
16 0.166111 0.386646 0.147778 0.245342
16 0.168333 0.607143 0.147778 0.226708
16 0.075556 0.535714 0.131111 0.211180
16 0.050556 0.686335 0.098889 0.242236
16 0.173333 0.744565 0.126667 0.150621
16 0.036111 0.847826 0.070000 0.111801
16 0.287222 0.792702 0.138889 0.262422
16 0.290556 0.568323 0.127778 0.251553
16 0.245556 0.270963 0.080000 0.079193
16 0.294444 0.364130 0.135556 0.197205
16 0.363889 0.234472 0.090000 0.105590
16 0.426667 0.285714 0.135556 0.211180
16 0.425000 0.493012 0.163333 0.212733
16 0.390000 0.637422 0.144444 0.190994
16 0.396111 0.733696 0.101111 0.122671
16 0.531667 0.648292 0.147778 0.265528
16 0.560000 0.461957 0.137778 0.215839
16 0.523333 0.309006 0.128889 0.164596
16 0.548333 0.152950 0.134444 0.222050
16 0.642778 0.323758 0.130000 0.181677
16 0.701667 0.217391 0.143333 0.180124
16 0.775556 0.204969 0.064444 0.124224
16 0.849444 0.264752 0.138889 0.135093
16 0.915000 0.217391 0.096667 0.208075
16 0.689444 0.493789 0.172222 0.195652
16 0.765556 0.363354 0.128889 0.189441
16 0.888333 0.400621 0.163333 0.173913
16 0.765000 0.549689 0.121111 0.177019
16 0.890000 0.575311 0.146667 0.209627
16 0.833889 0.707298 0.110000 0.212733
16 0.728333 0.711957 0.112222 0.197205
16 0.655556 0.645186 0.115556 0.218944
16 0.957222 0.647516 0.081111 0.217391
16 0.945556 0.433230 0.102222 0.164596
16 0.976111 0.308230 0.045556 0.175466
