16 0.263000 0.408871 0.322000 0.269355
16 0.359000 0.279839 0.250000 0.140323
16 0.510000 0.120968 0.388000 0.238710
16 0.150000 0.058065 0.296000 0.112903
16 0.822000 0.086290 0.308000 0.169355
16 0.587000 0.376613 0.342000 0.327419
16 0.827000 0.291935 0.246000 0.154839
16 0.923000 0.246774 0.154000 0.200000
16 0.865000 0.462903 0.270000 0.270968
16 0.684000 0.571774 0.252000 0.230645
16 0.427000 0.625806 0.350000 0.267742
16 0.119000 0.593548 0.234000 0.264516
16 0.084000 0.763710 0.164000 0.146774
16 0.165000 0.900000 0.322000 0.200000
16 0.308000 0.870161 0.316000 0.259677
16 0.600000 0.781452 0.384000 0.311290
16 0.873000 0.683871 0.254000 0.254839
