16 0.145492 0.494152 0.286885 0.350877
16 0.248975 0.296784 0.293033 0.219298
16 0.383197 0.157895 0.172131 0.304094
16 0.048156 0.871345 0.092213 0.257310
16 0.164959 0.812865 0.268443 0.374269
16 0.427254 0.467836 0.297131 0.350877
16 0.527664 0.156433 0.243852 0.289474
16 0.612705 0.304094 0.286885 0.391813
16 0.772541 0.273392 0.155738 0.236842
16 0.925205 0.150585 0.149590 0.295322
16 0.931352 0.409357 0.137295 0.327485
16 0.774590 0.578947 0.270492 0.438596
16 0.923156 0.788012 0.153689 0.418129
16 0.421107 0.814327 0.256148 0.371345
16 0.290984 0.891813 0.135246 0.157895
16 0.595287 0.709064 0.239754 0.447368
16 0.766393 0.859649 0.250000 0.280702
