16 0.094848 0.292187 0.185012 0.278125
16 0.256440 0.450000 0.189696 0.250000
16 0.329040 0.354687 0.119438 0.121875
16 0.076112 0.578125 0.142857 0.287500
16 0.196721 0.678125 0.192037 0.268750
16 0.042155 0.839063 0.079625 0.278125
16 0.393443 0.520312 0.159251 0.259375
16 0.560890 0.287500 0.203747 0.237500
16 0.769321 0.292187 0.199063 0.246875
16 0.505855 0.675000 0.131148 0.212500
16 0.607728 0.728125 0.180328 0.275000
16 0.654567 0.557813 0.096019 0.109375
16 0.721311 0.671875 0.159251 0.237500
16 0.875878 0.640625 0.220141 0.312500
16 0.845433 0.496875 0.112412 0.081250
16 0.521077 0.495312 0.124122 0.134375
16 0.981265 0.337500 0.037471 0.150000
