16 0.332540 0.442857 0.065079 0.104762
16 0.369841 0.377381 0.060317 0.092857
16 0.446032 0.436905 0.085714 0.111905
16 0.511905 0.390476 0.074603 0.114286
16 0.569048 0.361905 0.065079 0.104762
16 0.578571 0.436905 0.055556 0.083333
16 0.628571 0.470238 0.066667 0.116667
16 0.565079 0.513095 0.076190 0.107143
16 0.369048 0.548810 0.061905 0.111905
16 0.400794 0.564286 0.065079 0.114286
16 0.472222 0.560714 0.068254 0.130952
16 0.497619 0.492857 0.065079 0.119048
16 0.625397 0.578571 0.082540 0.114286
16 0.520635 0.598810 0.057143 0.102381
16 0.568254 0.622619 0.057143 0.126190
16 0.605556 0.644048 0.042857 0.078571
16 0.520635 0.658333 0.073016 0.088095
16 0.671429 0.629762 0.060317 0.116667
16 0.660317 0.680952 0.057143 0.090476
16 0.757143 0.670238 0.038095 0.083333
16 0.708730 0.650000 0.068254 0.114286
16 0.729365 0.725000 0.074603 0.111905
16 0.742857 0.486905 0.085714 0.121429
16 0.796032 0.555952 0.077778 0.116667
16 0.869048 0.588095 0.080952 0.119048
