16 0.033003 0.563119 0.062706 0.056931
16 0.056106 0.733911 0.099010 0.150990
16 0.078383 0.872525 0.113861 0.155941
16 0.018152 0.876238 0.033003 0.158416
16 0.210396 0.487624 0.054455 0.094059
16 0.260726 0.454208 0.102310 0.150990
16 0.302805 0.511139 0.087459 0.126238
16 0.290429 0.607673 0.112211 0.160891
16 0.405941 0.386139 0.102310 0.118812
16 0.388614 0.514851 0.100660 0.158416
16 0.391914 0.660891 0.097360 0.153465
16 0.342409 0.716584 0.103960 0.150990
16 0.436469 0.773515 0.110561 0.131188
16 0.457921 0.643564 0.100660 0.168317
16 0.565182 0.648515 0.113861 0.158416
16 0.505776 0.714109 0.070957 0.081683
16 0.508251 0.508663 0.108911 0.160891
16 0.532178 0.373762 0.097360 0.143564
16 0.597360 0.403465 0.085809 0.138614
16 0.693894 0.341584 0.107261 0.094059
16 0.684818 0.440594 0.102310 0.163366
16 0.600660 0.532178 0.108911 0.128713
16 0.717822 0.642327 0.079208 0.146040
16 0.675743 0.669554 0.090759 0.146040
16 0.784653 0.408416 0.110561 0.173267
16 0.803630 0.579208 0.075908 0.029703
16 0.877888 0.695545 0.112211 0.178218
16 0.960396 0.629950 0.079208 0.155941
