16 0.225000 0.467500 0.135000 0.165000
16 0.080000 0.630000 0.137500 0.170000
16 0.133750 0.762500 0.137500 0.198333
16 0.230000 0.633333 0.122500 0.166667
16 0.350000 0.313333 0.127500 0.186667
16 0.471250 0.340833 0.132500 0.178333
16 0.605625 0.425833 0.133750 0.158333
16 0.584375 0.560833 0.143750 0.195000
16 0.457500 0.612500 0.145000 0.198333
16 0.537500 0.647500 0.140000 0.145000
16 0.827500 0.360833 0.137500 0.105000
16 0.888750 0.266667 0.120000 0.153333
16 0.955625 0.370833 0.088750 0.178333
16 0.942500 0.509167 0.115000 0.171667
16 0.790625 0.519167 0.131250 0.158333
16 0.830625 0.634167 0.121250 0.185000
