16 0.029583 0.371575 0.054167 0.083333
16 0.080833 0.397831 0.065000 0.069635
16 0.126667 0.351598 0.075000 0.102740
16 0.170417 0.409817 0.064167 0.098174
16 0.228333 0.393265 0.066667 0.094749
16 0.047500 0.465753 0.076667 0.095890
16 0.027083 0.537671 0.052500 0.089041
16 0.082500 0.547945 0.075000 0.091324
16 0.148333 0.526256 0.063333 0.086758
16 0.200000 0.490297 0.066667 0.092466
16 0.220417 0.568493 0.060833 0.079909
16 0.297500 0.581050 0.066667 0.082192
16 0.287083 0.418950 0.064167 0.089041
16 0.312917 0.488584 0.069167 0.102740
16 0.376250 0.512557 0.064167 0.089041
16 0.415417 0.449772 0.070833 0.109589
