16 0.388333 0.387456 0.027333 0.040036
16 0.408000 0.387900 0.030667 0.032028
16 0.396333 0.412811 0.026000 0.026690
16 0.383667 0.461744 0.022000 0.037367
16 0.401667 0.454181 0.026000 0.047153
16 0.426333 0.443505 0.028667 0.040036
16 0.425333 0.473310 0.033333 0.026690
16 0.455333 0.443505 0.033333 0.032918
16 0.491667 0.430160 0.028667 0.036477
16 0.403000 0.494662 0.027333 0.039146
16 0.384667 0.501779 0.017333 0.026690
16 0.410333 0.524911 0.020667 0.039146
16 0.426667 0.504893 0.025333 0.032918
16 0.454333 0.479093 0.028667 0.043594
16 0.476333 0.455961 0.028667 0.041815
16 0.501000 0.468416 0.024667 0.040036
16 0.476000 0.499555 0.028000 0.040036
16 0.493333 0.501335 0.026667 0.040036
16 0.519667 0.484875 0.030000 0.046263
16 0.518333 0.520463 0.036667 0.037367
16 0.503667 0.542705 0.023333 0.048043
16 0.483000 0.540480 0.023333 0.043594
16 0.658667 0.488879 0.025333 0.047153
16 0.679000 0.494662 0.026000 0.051601
16 0.710000 0.581406 0.038667 0.038256
