16 0.108563 0.304918 0.162080 0.262295
16 0.229358 0.438525 0.181448 0.280328
16 0.093782 0.545902 0.185525 0.242623
16 0.199796 0.709016 0.163099 0.263934
16 0.095311 0.762295 0.088685 0.252459
16 0.196228 0.854098 0.131498 0.118033
16 0.320591 0.812295 0.123344 0.277049
16 0.352192 0.568033 0.170234 0.257377
16 0.266055 0.215574 0.167176 0.260656
16 0.336901 0.383607 0.121305 0.186885
16 0.443935 0.424590 0.147808 0.200000
16 0.473496 0.649180 0.131498 0.295082
16 0.405199 0.150820 0.162080 0.291803
16 0.541284 0.233607 0.150866 0.234426
16 0.584098 0.441803 0.171254 0.273770
16 0.588685 0.698361 0.121305 0.301639
16 0.438328 0.815574 0.116208 0.277049
16 0.565240 0.867213 0.123344 0.229508
16 0.690112 0.541803 0.171254 0.231148
16 0.677370 0.180328 0.129460 0.291803
16 0.845056 0.355738 0.181448 0.190164
16 0.945973 0.250820 0.108053 0.209836
16 0.976555 0.440164 0.046891 0.221311
16 0.880734 0.496721 0.185525 0.219672
16 0.774720 0.704918 0.140673 0.298361
16 0.680428 0.784426 0.111111 0.300000
16 0.791030 0.864754 0.118247 0.250820
16 0.935270 0.636885 0.119266 0.234426
16 0.926096 0.836066 0.117227 0.236066
16 0.868502 0.842623 0.083588 0.229508
