16 0.060018 0.294826 0.073105 0.163658
16 0.020307 0.239471 0.038809 0.110710
16 0.120487 0.344765 0.065884 0.121540
16 0.171480 0.261733 0.104693 0.126354
16 0.256318 0.233454 0.108303 0.149218
16 0.210289 0.347172 0.072202 0.123947
16 0.189982 0.434416 0.076715 0.129964
16 0.266245 0.402527 0.075812 0.157641
16 0.304152 0.385680 0.055957 0.109507
16 0.370939 0.274368 0.104693 0.062575
16 0.419675 0.330927 0.119134 0.125150
16 0.353791 0.411552 0.077617 0.154031
16 0.307310 0.515644 0.091155 0.152828
16 0.388538 0.523466 0.082130 0.146811
16 0.414260 0.457280 0.050542 0.086643
16 0.462094 0.546931 0.070397 0.126354
16 0.564531 0.529483 0.080325 0.141998
16 0.643502 0.469314 0.088448 0.101083
16 0.699007 0.534296 0.087545 0.110710
16 0.712094 0.608905 0.093863 0.096270
16 0.670126 0.696149 0.078520 0.160048
