16 0.056931 0.551980 0.057756 0.079208
16 0.023927 0.605198 0.044554 0.096535
16 0.051155 0.617574 0.039604 0.071782
16 0.021452 0.672030 0.039604 0.076733
16 0.053630 0.681931 0.047855 0.091584
16 0.009901 0.532178 0.016502 0.079208
16 0.181518 0.455446 0.049505 0.064356
16 0.152640 0.507426 0.044554 0.059406
16 0.196370 0.511139 0.056106 0.086634
16 0.160066 0.570545 0.049505 0.086634
16 0.202970 0.586634 0.049505 0.089109
16 0.262376 0.507426 0.059406 0.074257
16 0.240924 0.547030 0.052805 0.084158
16 0.274752 0.605198 0.051155 0.086634
16 0.247525 0.641089 0.052805 0.074257
16 0.297030 0.658416 0.052805 0.079208
16 0.294554 0.483911 0.041254 0.071782
16 0.333333 0.486386 0.052805 0.081683
16 0.379538 0.500000 0.056106 0.089109
16 0.353960 0.556931 0.057756 0.079208
16 0.332508 0.602723 0.061056 0.091584
16 0.382013 0.644802 0.054455 0.081683
16 0.379538 0.673267 0.052805 0.064356
16 0.421617 0.657178 0.054455 0.081683
16 0.420792 0.607673 0.046205 0.061881
16 0.417492 0.540842 0.052805 0.081683
16 0.446370 0.544554 0.054455 0.094059
16 0.574257 0.481436 0.069307 0.086634
16 0.521452 0.550743 0.056106 0.086634
16 0.545380 0.613861 0.054455 0.084158
16 0.584983 0.638614 0.047855 0.084158
16 0.614686 0.595297 0.051155 0.086634
16 0.652640 0.633663 0.054455 0.084158
16 0.644389 0.575495 0.057756 0.081683
16 0.648515 0.451733 0.052805 0.061881
16 0.659241 0.486386 0.057756 0.076733
16 0.691419 0.436881 0.049505 0.086634
16 0.739274 0.431931 0.056106 0.071782
16 0.729373 0.493812 0.056106 0.081683
16 0.688944 0.532178 0.051155 0.089109
16 0.753300 0.628713 0.034653 0.049505
16 0.719472 0.601485 0.049505 0.079208
16 0.767327 0.500000 0.042904 0.074257
16 0.792904 0.435644 0.051155 0.089109
16 0.795380 0.514851 0.052805 0.079208
16 0.769802 0.573020 0.054455 0.061881
16 0.839934 0.550743 0.046205 0.081683
16 0.827558 0.475248 0.054455 0.064356
16 0.858086 0.422030 0.052805 0.066832
16 0.898515 0.443069 0.057756 0.074257
16 0.935644 0.424505 0.039604 0.047030
16 0.943894 0.459158 0.052805 0.071782
16 0.971122 0.502475 0.051155 0.079208
16 0.910891 0.509901 0.046205 0.079208
16 0.867162 0.485149 0.047855 0.074257
16 0.877063 0.561881 0.044554 0.084158
16 0.838284 0.596535 0.033003 0.059406
16 0.870462 0.615099 0.037954 0.056931
16 0.907591 0.587871 0.042904 0.071782
16 0.946370 0.559406 0.044554 0.079208
16 0.989274 0.563119 0.021452 0.091584
16 0.948020 0.618812 0.047855 0.074257
16 0.967822 0.684406 0.044554 0.071782
16 0.983498 0.720297 0.033003 0.069307
16 0.933993 0.714109 0.046205 0.071782
16 0.924092 0.759901 0.042904 0.059406
16 0.953795 0.799505 0.046205 0.064356
16 0.984323 0.813119 0.031353 0.076733
16 0.945545 0.850248 0.046205 0.056931
16 0.881188 0.732673 0.056106 0.064356
16 0.888614 0.794554 0.057756 0.044554
16 0.872937 0.850248 0.052805 0.071782
16 0.818482 0.795792 0.052805 0.047030
16 0.833333 0.853960 0.039604 0.064356
16 0.822607 0.898515 0.044554 0.084158
16 0.797855 0.917079 0.031353 0.076733
16 0.783828 0.853960 0.052805 0.084158
16 0.725248 0.842822 0.051155 0.066832
16 0.669967 0.865099 0.049505 0.061881
16 0.632013 0.896040 0.039604 0.064356
16 0.750000 0.941832 0.057756 0.066832
16 0.676568 0.965347 0.033003 0.064356
