16 0.176451 0.338667 0.044696 0.036000
16 0.200467 0.353000 0.040694 0.042000
16 0.241161 0.341667 0.039360 0.046000
16 0.267512 0.356333 0.030687 0.044667
16 0.301201 0.377000 0.039360 0.034000
16 0.232822 0.404333 0.028019 0.042000
16 0.262842 0.407000 0.034690 0.040667
16 0.208806 0.423667 0.036024 0.032667
16 0.188125 0.426667 0.032021 0.028000
16 0.202802 0.446667 0.034690 0.026667
16 0.252835 0.440667 0.032021 0.038667
16 0.275517 0.437333 0.026684 0.030667
16 0.297198 0.407333 0.038025 0.036000
16 0.371247 0.097667 0.047365 0.038000
16 0.391594 0.080667 0.034690 0.038667
16 0.425284 0.099667 0.040694 0.042000
16 0.439960 0.081333 0.040694 0.041333
16 0.393929 0.173667 0.042028 0.044667
16 0.375584 0.184667 0.049366 0.042667
16 0.376918 0.220667 0.054703 0.042667
16 0.424283 0.207667 0.038692 0.042000
16 0.440294 0.221333 0.032021 0.038667
16 0.398266 0.271000 0.041361 0.043333
16 0.445964 0.268667 0.039360 0.017333
16 0.440961 0.287667 0.053369 0.034000
16 0.452969 0.327000 0.032021 0.031333
16 0.425284 0.325333 0.044696 0.036000
16 0.394930 0.337000 0.034690 0.036667
16 0.435957 0.361667 0.039360 0.039333
16 0.192462 0.529333 0.044696 0.034667
16 0.215143 0.539333 0.026017 0.026667
16 0.224149 0.511667 0.033356 0.038000
16 0.246164 0.583000 0.037358 0.034000
16 0.261841 0.602333 0.044696 0.042000
16 0.308873 0.614000 0.048032 0.034667
16 0.289526 0.641000 0.044029 0.040667
16 0.204136 0.656667 0.049366 0.038667
16 0.201468 0.693000 0.032021 0.031333
16 0.228819 0.696000 0.036024 0.040000
16 0.215477 0.715667 0.037358 0.022000
16 0.288192 0.682667 0.041361 0.026667
16 0.280854 0.697000 0.038692 0.030000
16 0.267512 0.711667 0.033356 0.035333
16 0.346231 0.613333 0.037358 0.034667
16 0.372915 0.613667 0.036024 0.040667
16 0.386258 0.497000 0.037358 0.038000
16 0.361908 0.504667 0.043362 0.022667
16 0.351234 0.517667 0.054036 0.034000
16 0.433622 0.511333 0.038692 0.029333
16 0.430287 0.536000 0.040027 0.042667
16 0.385924 0.735333 0.034023 0.033333
16 0.414276 0.735667 0.032021 0.028667
16 0.438626 0.736333 0.042028 0.042000
16 0.422949 0.768333 0.044029 0.040667
16 0.225817 0.786000 0.043362 0.025333
16 0.274516 0.805333 0.043362 0.044000
16 0.290861 0.822000 0.046698 0.030667
16 0.265177 0.846667 0.038025 0.040000
16 0.241828 0.840333 0.031354 0.024667
16 0.232155 0.821667 0.041361 0.038000
16 0.217812 0.840000 0.054036 0.037333
16 0.519680 0.244333 0.036024 0.046000
16 0.675784 0.142000 0.042695 0.020000
16 0.556371 0.278667 0.044029 0.052000
16 0.603736 0.298000 0.036024 0.037333
16 0.595397 0.330000 0.047365 0.040000
16 0.639426 0.317333 0.044696 0.033333
16 0.663109 0.284667 0.029353 0.040000
16 0.675450 0.314000 0.050033 0.034667
16 0.586391 0.386333 0.041361 0.042000
16 0.616411 0.385000 0.033356 0.031333
16 0.650100 0.372333 0.027352 0.043333
16 0.664443 0.400667 0.040027 0.032000
16 0.637759 0.438333 0.033356 0.044667
16 0.674116 0.455000 0.048699 0.035333
16 0.665777 0.466667 0.045364 0.034667
16 0.577718 0.482333 0.037358 0.038000
16 0.603736 0.485667 0.034690 0.036667
16 0.640761 0.512667 0.042028 0.046667
16 0.677785 0.494333 0.046698 0.032667
16 0.651434 0.538333 0.034023 0.028667
16 0.593062 0.543000 0.053369 0.039333
16 0.600734 0.591667 0.035357 0.022000
16 0.604069 0.610000 0.038025 0.034667
16 0.616077 0.626333 0.023349 0.028667
16 0.650100 0.603333 0.042028 0.038667
16 0.682121 0.600667 0.043362 0.037333
16 0.686124 0.651667 0.035357 0.047333
16 0.671448 0.660667 0.047365 0.036000
16 0.603069 0.668000 0.048032 0.036000
16 0.640761 0.688333 0.039360 0.040667
16 0.659773 0.681000 0.024016 0.032667
16 0.757839 0.603000 0.030687 0.032667
16 0.782855 0.624667 0.038025 0.040000
16 0.818212 0.631667 0.040694 0.040667
16 0.785190 0.645000 0.044029 0.028667
16 0.702802 0.714667 0.036691 0.045333
16 0.691127 0.730000 0.036024 0.046667
16 0.651101 0.796667 0.038692 0.032000
16 0.656771 0.823000 0.050033 0.035333
