16 0.463125 0.397083 0.072500 0.080833
16 0.495000 0.331667 0.067500 0.096667
16 0.624687 0.359167 0.066875 0.075000
16 0.654062 0.328333 0.056875 0.086667
16 0.512813 0.453750 0.055625 0.060833
16 0.503125 0.510833 0.052500 0.093333
16 0.539687 0.511250 0.040625 0.082500
16 0.480938 0.662917 0.041875 0.070833
16 0.589688 0.490000 0.058125 0.093333
16 0.640625 0.490417 0.058750 0.089167
16 0.695937 0.507083 0.049375 0.097500
16 0.725625 0.520417 0.050000 0.089167
16 0.274687 0.677917 0.058125 0.070833
16 0.231250 0.740833 0.047500 0.070000
16 0.300312 0.743333 0.059375 0.083333
16 0.345938 0.772500 0.048125 0.085000
16 0.377500 0.713333 0.040000 0.083333
16 0.261875 0.967083 0.046250 0.065833
