16 0.425247 0.259887 0.173484 0.169492
16 0.433709 0.432203 0.179126 0.231638
16 0.043018 0.485876 0.083216 0.146893
16 0.192525 0.533898 0.097320 0.133710
16 0.288434 0.467985 0.167842 0.220339
16 0.289140 0.654426 0.183357 0.235405
16 0.155853 0.680791 0.145275 0.205273
16 0.822285 0.427495 0.141044 0.210923
16 0.882228 0.549906 0.148096 0.214689
16 0.611425 0.686441 0.133992 0.235405
16 0.851199 0.665725 0.083216 0.141243
16 0.752468 0.637476 0.159379 0.190207
16 0.977433 0.650659 0.045134 0.205273
