16 0.287500 0.436796 0.066667 0.087610
16 0.342083 0.402378 0.060833 0.086358
16 0.346250 0.480601 0.059167 0.087610
16 0.367917 0.457447 0.045833 0.053817
16 0.383750 0.516270 0.057500 0.081352
16 0.365000 0.565081 0.065000 0.076345
16 0.264583 0.587610 0.057500 0.061327
16 0.311250 0.535044 0.054167 0.091364
16 0.260417 0.528786 0.059167 0.093867
16 0.441250 0.493742 0.062500 0.078849
16 0.460833 0.573842 0.048333 0.103880
16 0.518333 0.498748 0.060000 0.073842
16 0.507500 0.538173 0.061667 0.100125
16 0.564583 0.522528 0.050833 0.088861
16 0.596667 0.516270 0.053333 0.083855
16 0.634167 0.533166 0.043333 0.087610
16 0.605000 0.595119 0.058333 0.093867
16 0.645833 0.648310 0.055000 0.090113
16 0.604167 0.680225 0.043333 0.091364
16 0.569167 0.676471 0.050000 0.086358
16 0.527917 0.628911 0.064167 0.083855
16 0.497083 0.598874 0.042500 0.046308
16 0.547500 0.698999 0.060000 0.083855
16 0.680000 0.644556 0.025000 0.052566
16 0.754583 0.605757 0.044167 0.100125
16 0.781250 0.734043 0.054167 0.101377
16 0.714583 0.794118 0.044167 0.106383
16 0.688333 0.772215 0.065000 0.097622
16 0.687917 0.306008 0.052500 0.093867
16 0.566250 0.070713 0.070833 0.081352
16 0.559583 0.155820 0.062500 0.098874
16 0.570000 0.199625 0.061667 0.103880
16 0.672083 0.113892 0.060833 0.107635
16 0.691667 0.199625 0.060000 0.081352
16 0.589583 0.334168 0.069167 0.090113
16 0.596667 0.397997 0.056667 0.092616
16 0.624583 0.456195 0.060833 0.096370
16 0.728750 0.941176 0.060833 0.065081
16 0.730417 0.984981 0.062500 0.030038
