16 0.064286 0.085624 0.125397 0.167019
16 0.055556 0.206131 0.095238 0.133192
16 0.146825 0.191332 0.115873 0.179704
16 0.210317 0.121564 0.122222 0.175476
16 0.302381 0.157505 0.084127 0.120507
16 0.401587 0.226216 0.133333 0.207188
16 0.484127 0.285412 0.133333 0.169133
16 0.553175 0.423890 0.109524 0.124736
16 0.689683 0.383721 0.103175 0.103594
16 0.669048 0.472516 0.131746 0.167019
16 0.742857 0.513742 0.126984 0.186047
16 0.597619 0.603594 0.128571 0.179704
16 0.819841 0.625793 0.115873 0.190275
16 0.912698 0.704017 0.146032 0.156448
16 0.838889 0.823467 0.125397 0.200846
16 0.960317 0.867865 0.079365 0.196617
16 0.411111 0.593023 0.130159 0.226216
16 0.510317 0.594080 0.093651 0.135307
16 0.490476 0.684989 0.133333 0.109937
16 0.500000 0.783298 0.123810 0.158562
16 0.600794 0.800211 0.112698 0.175476
16 0.673016 0.758985 0.139683 0.181818
16 0.735714 0.861522 0.128571 0.171247
16 0.703968 0.930233 0.138095 0.139535
16 0.830952 0.960888 0.166667 0.078224
16 0.196032 0.364693 0.138095 0.179704
16 0.181746 0.474630 0.128571 0.141649
16 0.290476 0.422833 0.117460 0.181818
