16 0.135000 0.239496 0.126000 0.176471
16 0.180000 0.387955 0.128000 0.198880
16 0.133000 0.469188 0.118000 0.182073
16 0.048000 0.406162 0.092000 0.168067
16 0.395000 0.196078 0.146000 0.229692
16 0.336000 0.408964 0.164000 0.246499
16 0.296000 0.593838 0.120000 0.190476
16 0.391000 0.649860 0.150000 0.235294
16 0.469000 0.542017 0.138000 0.221289
16 0.527000 0.351541 0.150000 0.232493
16 0.668000 0.319328 0.164000 0.252101
16 0.658000 0.565826 0.168000 0.252101
16 0.841000 0.564426 0.154000 0.221289
16 0.599000 0.760504 0.166000 0.249300
16 0.551000 0.628852 0.082000 0.159664
16 0.478000 0.743697 0.124000 0.210084
