16 0.051500 0.359000 0.083000 0.084000
16 0.049500 0.430000 0.081000 0.084000
16 0.113000 0.420500 0.080000 0.077000
16 0.130000 0.448500 0.096000 0.101000
16 0.029500 0.500000 0.057000 0.092000
16 0.036000 0.555000 0.070000 0.070000
16 0.092500 0.547500 0.081000 0.103000
16 0.158500 0.526000 0.087000 0.088000
16 0.217000 0.556500 0.086000 0.093000
16 0.166500 0.586500 0.073000 0.059000
16 0.211000 0.486000 0.094000 0.084000
16 0.200000 0.428000 0.078000 0.050000
16 0.291000 0.419000 0.102000 0.094000
16 0.310000 0.482500 0.078000 0.057000
16 0.369500 0.445000 0.083000 0.094000
16 0.377000 0.523000 0.098000 0.082000
16 0.437000 0.509500 0.096000 0.087000
16 0.499000 0.492500 0.108000 0.105000
16 0.597500 0.453500 0.097000 0.089000
16 0.592500 0.527500 0.099000 0.079000
16 0.522500 0.580000 0.101000 0.088000
16 0.524000 0.579500 0.104000 0.089000
16 0.444000 0.605500 0.086000 0.093000
16 0.558000 0.645000 0.082000 0.102000
16 0.624500 0.634000 0.075000 0.092000
16 0.651000 0.515500 0.082000 0.065000
16 0.673000 0.566000 0.090000 0.106000
16 0.586000 0.705500 0.082000 0.093000
16 0.687000 0.684500 0.096000 0.089000
16 0.742500 0.615000 0.105000 0.086000
16 0.803000 0.568000 0.112000 0.084000
16 0.885000 0.589500 0.096000 0.109000
16 0.933000 0.605500 0.058000 0.057000
16 0.930000 0.661500 0.118000 0.081000
16 0.845500 0.631000 0.095000 0.078000
16 0.810000 0.694500 0.102000 0.091000
16 0.837500 0.727500 0.093000 0.067000
16 0.747000 0.745000 0.096000 0.106000
