16 0.286076 0.494000 0.093671 0.164000
16 0.411392 0.380000 0.083544 0.116000
16 0.214557 0.572000 0.092405 0.152000
16 0.125949 0.614000 0.094937 0.188000
16 0.204430 0.652000 0.089873 0.156000
16 0.272785 0.633000 0.072152 0.150000
16 0.250633 0.754000 0.075949 0.156000
16 0.434177 0.492000 0.081013 0.148000
16 0.465823 0.615000 0.075949 0.154000
16 0.541772 0.552000 0.091139 0.136000
16 0.534810 0.624000 0.079747 0.140000
16 0.648734 0.509000 0.105063 0.206000
16 0.712025 0.607000 0.087342 0.182000
16 0.861392 0.347000 0.150633 0.198000
16 0.856962 0.553000 0.121519 0.242000
