16 0.185938 0.246094 0.203125 0.175521
16 0.380469 0.116667 0.144271 0.088542
16 0.509375 0.122656 0.155208 0.151562
16 0.643229 0.053646 0.187500 0.105208
16 0.661458 0.148177 0.172917 0.182812
16 0.410677 0.244271 0.177604 0.164583
16 0.142969 0.352865 0.122396 0.100521
16 0.064844 0.439063 0.125521 0.163542
16 0.223438 0.426563 0.186458 0.170833
16 0.110677 0.508333 0.174479 0.193750
16 0.470052 0.417708 0.206771 0.169792
16 0.558594 0.290365 0.182812 0.183854
16 0.664844 0.421094 0.168229 0.210938
16 0.784896 0.361979 0.207292 0.191667
16 0.348958 0.518750 0.163542 0.216667
16 0.224740 0.601823 0.176563 0.196354
16 0.310677 0.713021 0.191146 0.157292
16 0.384115 0.670052 0.182812 0.151562
16 0.105990 0.728385 0.174479 0.153646
16 0.075000 0.839844 0.141667 0.136979
16 0.217448 0.859635 0.157812 0.152604
16 0.149219 0.934635 0.175521 0.130729
