16 0.034794 0.130435 0.064433 0.251208
16 0.079897 0.268116 0.077320 0.217391
16 0.085052 0.079710 0.103093 0.149758
16 0.189433 0.082126 0.100515 0.154589
16 0.134021 0.227053 0.108247 0.202899
16 0.260309 0.137681 0.072165 0.130435
16 0.148196 0.417874 0.095361 0.207729
16 0.210052 0.342995 0.100515 0.212560
16 0.287371 0.214976 0.105670 0.207729
16 0.342784 0.323671 0.113402 0.212560
16 0.265464 0.471014 0.113402 0.207729
16 0.204897 0.599034 0.121134 0.251208
16 0.448454 0.417874 0.144330 0.217391
16 0.463918 0.635266 0.113402 0.256039
16 0.320876 0.782609 0.100515 0.270531
16 0.404639 0.797101 0.108247 0.260870
16 0.065722 0.818841 0.105670 0.227053
