16 0.136875 0.440833 0.146250 0.181667
16 0.171875 0.590833 0.188750 0.225000
16 0.276875 0.465833 0.158750 0.218333
16 0.346875 0.384167 0.138750 0.145000
16 0.421250 0.536667 0.172500 0.203333
16 0.548750 0.346667 0.152500 0.236667
16 0.591875 0.516667 0.168750 0.216667
16 0.693750 0.484167 0.155000 0.221667
16 0.535000 0.678333 0.160000 0.250000
16 0.670625 0.665000 0.121250 0.193333
16 0.838750 0.463333 0.140000 0.146667
16 0.805625 0.587500 0.158750 0.205000
16 0.800000 0.698333 0.125000 0.126667
16 0.960625 0.254167 0.078750 0.138333
16 0.570000 0.136667 0.152500 0.183333
16 0.665625 0.086667 0.083750 0.103333
16 0.923125 0.046667 0.151250 0.090000
16 0.968125 0.115833 0.063750 0.151667
