16 0.030000 0.291118 0.057778 0.157895
16 0.106111 0.236020 0.121111 0.189145
16 0.087222 0.340461 0.061111 0.072368
16 0.168889 0.350329 0.117778 0.161184
16 0.074444 0.459704 0.128889 0.208882
16 0.025000 0.720395 0.047778 0.207237
16 0.134444 0.669408 0.091111 0.144737
16 0.202222 0.586349 0.135556 0.195724
16 0.232222 0.725329 0.115556 0.161184
16 0.312778 0.718750 0.134444 0.180921
16 0.320000 0.558388 0.126667 0.172697
16 0.300000 0.324836 0.122222 0.152961
16 0.265556 0.432566 0.073333 0.125000
16 0.347778 0.430099 0.113333 0.156250
16 0.404444 0.326480 0.122222 0.179276
16 0.439444 0.527961 0.134444 0.184211
16 0.362778 0.915296 0.121111 0.146382
16 0.315556 0.821546 0.080000 0.070724
16 0.396667 0.792763 0.122222 0.194079
16 0.418333 0.649671 0.103333 0.151316
16 0.526667 0.630757 0.117778 0.215461
16 0.525000 0.506579 0.072222 0.085526
16 0.586111 0.433388 0.127778 0.228618
16 0.621111 0.504934 0.086667 0.098684
16 0.735556 0.513158 0.126667 0.171053
16 0.816111 0.569079 0.118889 0.177632
16 0.623333 0.666941 0.126667 0.189145
16 0.496667 0.805921 0.120000 0.187500
16 0.603333 0.844572 0.128889 0.212171
16 0.726111 0.895559 0.123333 0.199013
16 0.721667 0.735197 0.123333 0.171053
16 0.833333 0.893092 0.102222 0.210526
16 0.935000 0.574013 0.130000 0.157895
16 0.945556 0.763980 0.108889 0.169408
