16 0.098639 0.679348 0.088435 0.061594
16 0.329932 0.679348 0.061224 0.076087
16 0.132653 0.826087 0.061224 0.079710
16 0.185374 0.847826 0.051020 0.079710
16 0.236395 0.860507 0.057823 0.076087
16 0.222789 0.891304 0.051020 0.057971
16 0.156463 0.764493 0.054422 0.043478
16 0.275510 0.769928 0.054422 0.083333
16 0.335034 0.751812 0.071429 0.068841
16 0.365646 0.726449 0.051020 0.083333
16 0.414966 0.731884 0.061224 0.079710
16 0.423469 0.530797 0.064626 0.076087
16 0.462585 0.541667 0.061224 0.068841
16 0.537415 0.579710 0.068027 0.086957
16 0.457483 0.590580 0.057823 0.065217
16 0.552721 0.422101 0.051020 0.068841
16 0.603741 0.438406 0.064626 0.079710
16 0.591837 0.400362 0.061224 0.076087
16 0.583333 0.340580 0.064626 0.072464
16 0.714286 0.342391 0.054422 0.076087
16 0.722789 0.389493 0.064626 0.097826
16 0.761905 0.393116 0.068027 0.083333
16 0.721088 0.213768 0.074830 0.079710
16 0.829932 0.219203 0.054422 0.090580
16 0.811224 0.307971 0.051020 0.079710
16 0.760204 0.182971 0.078231 0.061594
16 0.938776 0.043478 0.074830 0.072464
16 0.938776 0.112319 0.081633 0.072464
16 0.971088 0.032609 0.044218 0.057971
